-3.789880  -1.160330  4.693920  4.693920  7.383870  9.235780  9.235780  13.453620
-3.929260  -0.959440  4.710170  4.710170  7.402840  9.252700  9.252702  13.485800
-4.255850  -0.445800  4.764500  4.764500  7.464390  9.308980  9.308982  13.573810
-4.641590  0.247350  4.854550  4.854550  7.564480  9.380190  9.380192  13.642120
-5.018790  1.051770  4.979490  4.979490  7.699710  9.428490  9.428492  13.425280
-5.358430  1.930860  5.136140  5.136140  7.870150  9.400410  9.400412  12.704770
-5.645230  2.860590  5.319800  5.319800  8.065010  9.256210  9.256212  11.853150
-5.872850  3.814320  5.518370  5.518370  8.264780  9.012590  9.012592  10.967990
-6.038320  4.746260  5.709180  5.709180  8.434340  8.742920  8.742922  10.107740
-6.137770  5.547800  5.857750  5.857750  8.500400  8.528190  8.528192  9.417830
-6.171030  5.915130  5.915130  5.915130  8.445230  8.445230  8.445232  9.171230
-6.140250  5.712870  5.784400  5.784400  8.366440  8.612120  8.612122  9.365960
-6.047950  5.212050  5.469510  5.469510  8.151910  9.035290  9.035292  9.813600
-5.893850  4.568730  5.084170  5.084170  7.861740  9.606260  9.606262  10.212850
-5.679610  3.862070  4.689760  4.689760  7.542960  10.139960  10.255810  10.255810
-5.405560  3.126450  4.316870  4.316870  7.231710  9.612066  10.952150  10.952150
-5.072980  2.376400  3.979740  3.979740  6.947630  8.965856  11.674820  11.674820
-4.682730  1.623120  3.688440  3.688440  6.713260  8.353656  12.422630  12.422630
-4.237980  0.872220  3.444620  3.444620  6.531930  7.806166  13.185570  13.185570
-3.740150  0.131620  3.254360  3.254360  6.417940  7.352776  13.976110  13.976110
-3.193320  -0.593340  3.115870  3.115870  6.372140  6.981126  14.757630  14.757630
-2.600430  -1.294760  3.032030  3.032030  6.401050  6.701346  15.502750  15.502750
-1.965990  -1.965990  3.003450  3.003450  6.509270  6.509276  15.949740  15.949740
-1.977940  -1.932760  2.802760  3.028960  6.538000  6.811206  15.668740  15.775740
-2.022660  -1.832970  2.359790  3.102830  6.623910  7.566566  15.039100  15.338650
-2.122850  -1.668180  1.901920  3.225110  6.767290  8.564146  14.315030  14.857590
-2.311030  -1.438880  1.560010  3.390460  6.958930  9.696556  13.568350  14.156930
-2.601910  -1.144160  1.396280  3.598740  7.201090  10.913470  12.849490  13.380990
-2.982610  -0.785180  1.413940  3.843360  7.485430  12.023020  12.169720  12.853670
-3.417360  -0.362810  1.587150  4.116910  7.801390  11.538240  11.855290  12.575600
-3.869140  0.121830  1.882380  4.409380  8.131870  10.959430  11.296290  12.148720
-4.310170  0.667690  2.271670  4.706620  8.447980  10.436480  10.759450  11.813310
-4.722610  1.269730  2.733560  4.995240  8.710230  9.972498  10.278740  11.596020
-5.093310  1.928770  3.251920  5.258380  8.874660  9.568538  9.852344  11.508210
-5.415330  2.638430  3.807860  5.481160  8.926590  9.225488  9.479534  11.483830
-5.683940  3.391070  4.378780  5.654900  8.892670  8.944068  9.157024  11.311030
-5.895740  4.170990  4.934170  5.778600  8.727070  8.817808  8.886564  10.774220
-6.048430  4.943160  5.424330  5.858070  8.570180  8.662368  8.715494  10.021490
-6.140400  5.610920  5.780570  5.901350  8.476340  8.504508  8.570574  9.392170
-6.171030  5.915130  5.915130  5.915130  8.445230  8.445238  8.445234  9.171230
