-3.78988  -1.16033  +4.69392  +4.69392  +7.38387  +9.23578  +9.23578  +13.45362
-3.92926  -0.95944  +4.71017  +4.71017  +7.40284  +9.25270  +9.252702  +13.48580
-4.25585  -0.44580  +4.76450  +4.76450  +7.46439  +9.30898  +9.308982  +13.57381
-4.64159  +0.24735  +4.85455  +4.85455  +7.56448  +9.38019  +9.380192  +13.64212
-5.01879  +1.05177  +4.97949  +4.97949  +7.69971  +9.42849  +9.428492  +13.42528
-5.35843  +1.93086  +5.13614  +5.13614  +7.87015  +9.40041  +9.400412  +12.70477
-5.64523  +2.86059  +5.31980  +5.31980  +8.06501  +9.25621  +9.256212  +11.85315
-5.87285  +3.81432  +5.51837  +5.51837  +8.26478  +9.01259  +9.012592  +10.96799
-6.03832  +4.74626  +5.70918  +5.70918  +8.43434  +8.74292  +8.742922  +10.10774
-6.13777  +5.54780  +5.85775  +5.85775  +8.50040  +8.52819  +8.528192  +9.41783
-6.17103  +5.91513  +5.91513  +5.91513  +8.44523  +8.44523  +8.445232  +9.17123
-6.14025  +5.71287  +5.78440  +5.78440  +8.36644  +8.61212  +8.612122  +9.36596
-6.04795  +5.21205  +5.46951  +5.46951  +8.15191  +9.03529  +9.035292  +9.81360
-5.89385  +4.56873  +5.08417  +5.08417  +7.86174  +9.60626  +9.606262  +10.21285
-5.67961  +3.86207  +4.68976  +4.68976  +7.54296  +10.13996  +10.25581  +10.25581
-5.40556  +3.12645  +4.31687  +4.31687  +7.23171  +9.612066  +10.95215  +10.95215
-5.07298  +2.37640  +3.97974  +3.97974  +6.94763  +8.965856  +11.67482  +11.67482
-4.68273  +1.62312  +3.68844  +3.68844  +6.71326  +8.353656  +12.42263  +12.42263
-4.23798  +0.87222  +3.44462  +3.44462  +6.53193  +7.806166  +13.18557  +13.18557
-3.74015  +0.13162  +3.25436  +3.25436  +6.41794  +7.352776  +13.97611  +13.97611
-3.19332  -0.59334  +3.11587  +3.11587  +6.37214  +6.981126  +14.75763  +14.75763
-2.60043  -1.29476  +3.03203  +3.03203  +6.40105  +6.701346  +15.50275  +15.50275
-1.96599  -1.96599  +3.00345  +3.00345  +6.50927  +6.509276  +15.94974  +15.94974
-1.97794  -1.93276  +2.80276  +3.02896  +6.53800  +6.811206  +15.66874  +15.77574
-2.02266  -1.83297  +2.35979  +3.10283  +6.62391  +7.566566  +15.03910  +15.33865
-2.12285  -1.66818  +1.90192  +3.22511  +6.76729  +8.564146  +14.31503  +14.85759
-2.31103  -1.43888  +1.56001  +3.39046  +6.95893  +9.696556  +13.56835  +14.15693
-2.60191  -1.14416  +1.39628  +3.59874  +7.20109  +10.91347  +12.84949  +13.38099
-2.98261  -0.78518  +1.41394  +3.84336  +7.48543  +12.02302  +12.16972  +12.85367
-3.41736  -0.36281  +1.58715  +4.11691  +7.80139  +11.53824  +11.85529  +12.57560
-3.86914  +0.12183  +1.88238  +4.40938  +8.13187  +10.95943  +11.29629  +12.14872
-4.31017  +0.66769  +2.27167  +4.70662  +8.44798  +10.43648  +10.75945  +11.81331
-4.72261  +1.26973  +2.73356  +4.99524  +8.71023  +9.972498  +10.27874  +11.59602
-5.09331  +1.92877  +3.25192  +5.25838  +8.87466  +9.568538  +9.852344  +11.50821
-5.41533  +2.63843  +3.80786  +5.48116  +8.92659  +9.225488  +9.479534  +11.48383
-5.68394  +3.39107  +4.37878  +5.65490  +8.89267  +8.944068  +9.157024  +11.31103
-5.89574  +4.17099  +4.93417  +5.77860  +8.72707  +8.817808  +8.886564  +10.77422
-6.04843  +4.94316  +5.42433  +5.85807  +8.57018  +8.662368  +8.715494  +10.02149
-6.14040  +5.61092  +5.78057  +5.90135  +8.47634  +8.504508  +8.570574  +9.39217
-6.17103  +5.91513  +5.91513  +5.91513  +8.44523  +8.445238  +8.445234  +9.17123
