-3.790  -1.160   4.694   4.694   7.384   9.236   9.236  13.454  
-3.929  -0.959   4.710   4.710   7.403   9.253   9.253  13.486  
-4.256  -0.446   4.764   4.764   7.464   9.309   9.309  13.574  
-4.642   0.247   4.855   4.855   7.564   9.380   9.380  13.642  
-5.019   1.052   4.979   4.979   7.700   9.428   9.428  13.425  
-5.358   1.931   5.136   5.136   7.870   9.400   9.400  12.705  
-5.645   2.861   5.320   5.320   8.065   9.256   9.256  11.853  
-5.873   3.814   5.518   5.518   8.265   9.013   9.013  10.968  
-6.038   4.746   5.709   5.709   8.434   8.743   8.743  10.108  
-6.138   5.548   5.858   5.858   8.500   8.528   8.528   9.418  
-6.171   5.915   5.915   5.915   8.445   8.445   8.445   9.171  
-6.140   5.713   5.784   5.784   8.366   8.612   8.612   9.366  
-6.048   5.212   5.470   5.470   8.152   9.035   9.035   9.814  
-5.894   4.569   5.084   5.084   7.862   9.606   9.606  10.213  
-5.680   3.862   4.690   4.690   7.543  10.140  10.256  10.256  
-5.406   3.126   4.317   4.317   7.232   9.612  10.952  10.952  
-5.073   2.376   3.980   3.980   6.948   8.966  11.675  11.675  
-4.683   1.623   3.688   3.688   6.713   8.354  12.423  12.423  
-4.238   0.872   3.445   3.445   6.532   7.806  13.186  13.186  
-3.740   0.132   3.254   3.254   6.418   7.353  13.976  13.976  
-3.193  -0.593   3.116   3.116   6.372   6.981  14.758  14.758  
-2.600  -1.295   3.032   3.032   6.401   6.701  15.503  15.503  
-1.966  -1.966   3.003   3.003   6.509   6.509  15.950  15.950  
-1.978  -1.933   2.803   3.029   6.538   6.811  15.669  15.776  
-2.023  -1.833   2.360   3.103   6.624   7.567  15.039  15.339  
-2.123  -1.668   1.902   3.225   6.767   8.564  14.315  14.858  
-2.311  -1.439   1.560   3.390   6.959   9.697  13.568  14.157  
-2.602  -1.144   1.396   3.599   7.201  10.913  12.849  13.381  
-2.983  -0.785   1.414   3.843   7.485  12.023  12.170  12.854  
-3.417  -0.363   1.587   4.117   7.801  11.538  11.855  12.576  
-3.869   0.122   1.882   4.409   8.132  10.959  11.296  12.149  
-4.310   0.668   2.272   4.707   8.448  10.436  10.759  11.813  
-4.723   1.270   2.734   4.995   8.710   9.972  10.279  11.596  
-5.093   1.929   3.252   5.258   8.875   9.569   9.852  11.508  
-5.415   2.638   3.808   5.481   8.927   9.225   9.480  11.484  
-5.684   3.391   4.379   5.655   8.893   8.944   9.157  11.311  
-5.896   4.171   4.934   5.779   8.727   8.818   8.887  10.774  
-6.048   4.943   5.424   5.858   8.570   8.662   8.715  10.021  
-6.140   5.611   5.781   5.901   8.476   8.505   8.571   9.392  
-6.171   5.915   5.915   5.915   8.445   8.445   8.445   9.171  