 Eigenvalues (   eV  ) for nkpt=  61  k points:
 kpt#   1, nband= 45, wtk=  1.00000, kpt=  0.0000  0.0000  0.0000 (reduced coord)
 -15.05108 -10.52262 -10.52262 -10.50616  -9.93446  -9.93446  -9.93446  -8.12551
  -8.12551  -8.12551  -7.07716  -7.07716  -6.55835  -6.34717  -6.34717  -6.34717
  -5.84761  -5.84761  -5.48805  -5.48805  -5.48805  -3.56732  -3.56732  -3.56732
   3.84068   3.84068   4.06304   8.62084   8.62084   8.62084   9.14614   9.14614
   9.14614  16.17688  16.17688  16.45805  16.45805  16.45805  17.82926  18.00467
  22.10522  22.10522  22.10522  25.86796  29.07743
 kpt#   2, nband= 45, wtk=  1.00000, kpt=  0.0000  0.0500  0.0000 (reduced coord)
 -15.01659 -10.51757 -10.50452 -10.49238  -9.92438  -9.92355  -9.92355  -8.13735
  -8.11709  -8.11709  -7.08883  -7.07381  -6.56929  -6.39755  -6.39755  -6.34715
  -5.86387  -5.85718  -5.55768  -5.55768  -5.48853  -3.72917  -3.43528  -3.43528
   3.84677   3.93801   4.19803   8.49822   8.55873   8.55873   9.02429   9.10977
   9.10977  16.25206  16.38912  16.45925  16.64724  16.64724  17.96074  17.98799
  21.82709  21.92876  21.92876  26.23160  29.16503
 kpt#   3, nband= 45, wtk=  1.00000, kpt=  0.0000  0.1000  0.0000 (reduced coord)
 -14.91355 -10.51084 -10.45101 -10.44556  -9.89435  -9.89080  -9.89080  -8.17251
  -8.09211  -8.09211  -7.12340  -7.06400  -6.60236  -6.54705  -6.54705  -6.34707
  -5.91365  -5.88481  -5.71299  -5.71299  -5.48993  -4.15828  -3.09305  -3.09305
   3.86548   3.98902   4.79103   8.16887   8.23741   8.23741   8.69581   9.17458
   9.17458  16.41018  16.46283  16.98683  17.17446  17.17446  17.94026  18.38298
  21.20316  21.43716  21.43716  27.09804  29.40301
 kpt#   4, nband= 45, wtk=  1.00000, kpt=  0.0000  0.1500  0.0000 (reduced coord)
 -14.74326 -10.50918 -10.36814 -10.36457  -9.84497  -9.83610  -9.83610  -8.22988
  -8.05169  -8.05169  -7.17962  -7.04851  -6.77978  -6.77978  -6.65798  -6.34694
  -6.00208  -5.92730  -5.88327  -5.88327  -5.49206  -4.73493  -2.62345  -2.62345
   3.89807   4.01646   5.71230   7.65751   7.65751   7.71431   8.24089   9.42095
   9.42095  16.46875  16.55287  17.86773  17.88689  17.95378  17.95378  19.09114
  20.51104  20.71597  20.71597  28.10143  29.79006
 kpt#   5, nband= 45, wtk=  1.00000, kpt=  0.0000  0.2000  0.0000 (reduced coord)
 -14.50798 -10.52382 -10.26566 -10.24951  -9.77729  -9.75931  -9.75931  -8.30768
  -7.99871  -7.99871  -7.25531  -7.06068  -7.06068  -7.02905  -6.73560  -6.34679
  -6.15040  -6.04799  -6.04799  -5.97985  -5.49468  -5.33210  -2.07521  -2.07521
   3.94663   4.04858   6.84091   6.94067   6.94067   7.20894   7.73657   9.79858
   9.79858  16.47687  16.66018  17.77912  18.89013  18.89013  19.01181  19.53472
  19.86846  19.86846  20.35320  28.24800  30.20387
 kpt#   6, nband= 45, wtk=  1.00000, kpt=  0.0000  0.2500  0.0000 (reduced coord)
 -14.21110 -10.57376 -10.14514 -10.11239  -9.69279  -9.66029  -9.66029  -8.40345
  -7.94210  -7.94210  -7.35029  -7.35029  -7.34745  -7.01028  -6.83031  -6.42818
  -6.34662  -6.20953  -6.20953  -6.03680  -5.79800  -5.49749  -1.47180  -1.47180
   4.01402   4.09002   6.15572   6.15572   6.70294   7.22979   8.11919  10.28415
  10.28415  16.48688  16.75298  17.68399  18.83420  18.83420  18.97844  20.05730
  20.05730  20.30622  21.42060  26.68650  30.70230
 kpt#   7, nband= 45, wtk=  1.00000, kpt=  0.0000  0.3000  0.0000 (reduced coord)
 -13.85745 -10.68543 -10.01603  -9.96262  -9.59350  -9.53897  -9.53897  -8.51407
  -7.92569  -7.92569  -7.58664  -7.58664  -7.45264  -7.01792  -6.91302  -6.84426
  -6.36950  -6.36950  -6.34645  -6.09264  -6.05483  -5.50023  -0.82505  -0.82505
   4.10377   4.14201   5.33974   5.33974   6.22593   6.76892   9.49331  10.86534
  10.86534  16.49819  16.84940  17.59146  17.85627  17.85627  18.37863  21.22624
  21.22624  21.73177  22.66180  24.86055  31.26537
 kpt#   8, nband= 45, wtk=  1.00000, kpt=  0.0000  0.3500  0.0000 (reduced coord)
 -13.45392 -10.88678  -9.89051  -9.81334  -9.48224  -9.39554  -9.39554  -8.63560
  -8.07643  -8.07643  -7.63545  -7.63545  -7.56900  -7.22851  -7.10595  -6.92172
  -6.52416  -6.52416  -6.34629  -6.21007  -6.14253  -5.50262  -0.14169  -0.14169
   4.20314   4.21988   4.51421   4.51421   5.79407   6.37097  10.93827  11.53252
  11.53252  16.50977  16.85300  16.85300  16.93843  17.50966  17.84370  22.49127
  22.49127  22.70501  23.25675  24.35510  31.44562
 kpt#   9, nband= 45, wtk=  1.00000, kpt=  0.0000  0.4000  0.0000 (reduced coord)
 -13.01056 -11.19167  -9.78335  -9.68206  -9.36346  -9.23100  -9.23100  -8.76254
  -8.32022  -8.32022  -7.69516  -7.57201  -7.57201  -7.47768  -7.21216  -6.90535
  -6.66385  -6.66385  -6.34617  -6.31987  -6.18225  -5.50447   0.57381   0.57381
   3.69230   3.69230   4.26720   4.36614   5.41560   6.05776  12.27675  12.27675
  12.41491  15.86012  15.86012  16.52010  16.82050  17.44549  17.56130  21.11086
  23.82742  23.82742  24.83886  25.63408  29.80249
 kpt#  10, nband= 45, wtk=  1.00000, kpt=  0.0000  0.4500  0.0000 (reduced coord)
 -12.54397 -11.58462  -9.71026  -9.58992  -9.24784  -9.05053  -9.05053  -8.88341
  -8.55929  -8.55929  -7.79890  -7.59661  -7.50267  -7.50267  -7.29148  -6.89144
  -6.76978  -6.76978  -6.38941  -6.34609  -6.20806  -5.50564   1.31767   1.31767
   2.88286   2.88286   4.32007   4.54248   5.09757   5.85228  13.08850  13.08850
  13.85513  14.89634  14.89634  16.21114  16.52739  17.40448  17.74658  19.73029
  25.22361  25.22361  26.36029  26.81749  28.23271
 kpt#  11, nband= 45, wtk=  1.00000, kpt=  0.0000  0.5000  0.0000 (reduced coord)
 -12.15864 -11.94791  -9.68419  -9.55642  -9.18289  -8.95018  -8.91703  -8.91703
  -8.71334  -8.71334  -7.83645  -7.63181  -7.47236  -7.47236  -7.32093  -6.88623
  -6.81159  -6.81159  -6.41353  -6.34607  -6.21704  -5.50604   2.04288   2.04288
   2.13551   2.13551   4.34141   4.68485   4.90759   5.77958  13.87967  13.87967
  14.05407  14.05407  14.94580  15.42224  16.53004  17.39036  18.00254  19.04825
  26.50301  26.50301  26.89556  26.89556  27.21396
 kpt#  12, nband= 45, wtk=  1.00000, kpt=  0.0500  0.5000  0.0000 (reduced coord)
 -12.13183 -11.92171  -9.67061  -9.54199  -9.17812  -8.95228  -8.92900  -8.90912
  -8.72953  -8.71220  -7.85567  -7.70822  -7.47100  -7.40192  -7.32070  -6.96428
  -6.81975  -6.71200  -6.40617  -6.35407  -6.21670  -5.53062   1.67214   1.68821
   2.09895   2.18165   4.52215   5.04128   5.13535   6.00401  13.45617  13.50502
  13.71396  13.75429  15.15579  15.58779  16.94017  17.71928  18.31076  19.30804
  25.65508  25.94016  26.52438  26.91347  28.08696
 kpt#  13, nband= 45, wtk=  1.00000, kpt=  0.1000  0.5000  0.0000 (reduced coord)
 -12.05205 -11.84386  -9.63069  -9.49969  -9.16397  -8.96369  -8.95446  -8.88991
  -8.77604  -8.70896  -7.90861  -7.82890  -7.46665  -7.32104  -7.30224  -7.05698
  -6.84437  -6.56038  -6.39034  -6.37624  -6.20719  -5.60158   0.83758   0.88443
   2.26444   2.31868   4.62832   5.37286   6.05610   6.79923  12.65915  12.72082
  13.00931  13.06555  15.42396  15.84091  17.83048  18.49515  19.12044  20.01079
  24.57674  24.81888  26.58791  26.96665  29.22328
 kpt#  14, nband= 45, wtk=  1.00000, kpt=  0.1500  0.5000  0.0000 (reduced coord)
 -11.92133 -11.71665  -9.56718  -9.43312  -9.14102  -9.01715  -8.95351  -8.86393
  -8.84732  -8.70418  -7.98376  -7.94671  -7.45851  -7.32578  -7.22847  -7.14708
  -6.88550  -6.40776  -6.38634  -6.38537  -6.16357  -5.71129  -0.06001  -0.00064
   2.53196   2.54273   4.75002   5.51808   7.28496   7.94968  11.79364  11.83191
  12.21221  12.23412  15.64204  16.05439  18.89499  19.47065  20.22193  20.99379
  23.54156  23.74206  26.69174  27.05323  29.80342
 kpt#  15, nband= 45, wtk=  1.00000, kpt=  0.2000  0.5000  0.0000 (reduced coord)
 -11.74323 -11.54415  -9.48650  -9.35302  -9.11032  -9.07912  -8.94924  -8.93504
  -8.83355  -8.69873  -8.06857  -8.05206  -7.44539  -7.34122  -7.24052  -7.19808
  -6.94184  -6.44273  -6.40303  -6.19490  -6.06857  -5.84907  -0.91839  -0.87285
   2.84811   2.89129   4.91383   5.66434   8.61789   9.25425  10.92938  10.94143
  11.36133  11.41705  15.85600  16.25041  20.04038  20.54233  21.45016  22.07524
  22.58829  22.72500  26.83199  27.16931  29.53734
 kpt#  16, nband= 45, wtk=  1.00000, kpt=  0.2500  0.5000  0.0000 (reduced coord)
 -11.52298 -11.33245  -9.40634  -9.30585  -9.10584  -9.07352  -9.02232  -8.94245
  -8.80096  -8.69373  -8.15345  -8.13999  -7.42594  -7.37332  -7.33963  -7.21780
  -7.00958  -6.47620  -6.43566  -6.00297  -5.98930  -5.92843  -1.70897  -1.69077
   3.22810   3.33138   5.12384   5.83641   9.98117  10.04226  10.17736  10.48504
  10.56824  10.74480  16.09631  16.45757  21.23369  21.64853  21.66826  21.77248
  22.62034  23.11583  27.00126  27.30735  28.10210
 kpt#  17, nband= 45, wtk=  1.00000, kpt=  0.3000  0.5000  0.0000 (reduced coord)
 -11.26784 -11.09011  -9.38420  -9.36515  -9.05645  -9.03304  -9.03005  -8.93433
  -8.76869  -8.69038  -8.23315  -8.20678  -7.44214  -7.42449  -7.39920  -7.28445
  -7.08213  -6.50520  -6.47552  -6.16079  -5.77142  -5.75361  -2.43297  -2.41724
   3.67558   3.84177   5.38184   6.04005   9.18263   9.36472   9.62156   9.95364
  11.51170  12.12895  16.37884  16.69379  20.82438  20.89120  22.45571  22.82431
  23.23388  23.54149  27.18536  27.30809  27.45259
 kpt#  18, nband= 45, wtk=  1.00000, kpt=  0.3500  0.5000  0.0000 (reduced coord)
 -10.98738 -10.82859  -9.48264  -9.47934  -8.99229  -8.98708  -8.92616  -8.91160
  -8.73953  -8.68958  -8.30720  -8.24898  -7.54034  -7.49188  -7.38676  -7.36557
  -7.15123  -6.52835  -6.51799  -6.31015  -5.55145  -5.54262  -3.08510  -3.03346
   4.18321   4.41325   5.68919   6.27372   8.35746   8.66727   8.77931   9.32952
  13.04287  13.65064  16.71292  16.96957  20.07646  20.08121  22.59843  22.90796
  23.68610  23.98654  27.35577  27.57502  27.85118
 kpt#  19, nband= 45, wtk=  1.00000, kpt=  0.4000  0.5000  0.0000 (reduced coord)
 -10.69365 -10.56266  -9.64911  -9.62954  -8.95593  -8.91922  -8.86964  -8.79776
  -8.71626  -8.69144  -8.37964  -8.26360  -7.62174  -7.56530  -7.50586  -7.32864
  -7.20833  -6.55764  -6.54513  -6.43743  -5.32803  -5.30709  -3.63480  -3.54796
   4.74211   5.03807   6.04720   6.52589   7.57371   7.96354   8.02896   8.79472
  14.62460  15.21765  17.10474  17.28869  19.34368  19.41362  21.20265  21.60159
  24.89164  25.11723  27.45349  27.61138  29.24753
 kpt#  20, nband= 45, wtk=  1.00000, kpt=  0.4500  0.5000  0.0000 (reduced coord)
 -10.40131 -10.31328  -9.86331  -9.79785  -8.92991  -8.91458  -8.75162  -8.71659
  -8.70124  -8.69450  -8.45381  -8.25378  -7.67169  -7.62790  -7.61088  -7.29725
  -7.24601  -6.58671  -6.55529  -6.52618  -5.10193  -5.08665  -4.05851  -3.93618
   5.33241   5.70954   6.45659   6.75785   6.84939   7.17856   7.45105   8.39207
  16.24431  16.81351  17.55710  17.63748  18.67672  18.85839  19.60240  20.06593
  26.00649  26.14350  27.36393  27.43818  30.97104
 kpt#  21, nband= 45, wtk=  1.00000, kpt=  0.5000  0.5000  0.0000 (reduced coord)
 -10.16078 -10.16078 -10.07664  -9.92138  -8.92030  -8.91295  -8.69605  -8.69605
  -8.68768  -8.68768  -8.50028  -8.24309  -7.68535  -7.65566  -7.65566  -7.28440
  -7.25918  -6.59750  -6.55870  -6.55870  -4.97521  -4.97521  -4.25138  -4.10355
   5.75887   6.37840   6.37840   6.47205   6.86605   6.86605   6.98538   8.22681
  17.83461  17.83461  17.83548  18.00483  18.33008  18.33008  18.52038  18.63041
  26.90367  26.90367  26.90574  26.96948  31.10459
 kpt#  22, nband= 45, wtk=  1.00000, kpt=  0.5500  0.5500  0.1000 (reduced coord)
 -10.67874 -10.19263 -10.06031  -9.79329  -8.83007  -8.77381  -8.74037  -8.72178
  -8.57147  -8.51876  -8.38796  -8.20824  -7.78471  -7.70286  -7.61367  -7.40391
  -7.09171  -6.53920  -6.45553  -6.36603  -5.37171  -4.97339  -4.21637  -3.66209
   3.34483   4.54941   4.63314   5.88921   8.02844   9.03344   9.36402  10.55360
  15.90395  16.16941  16.86671  17.52216  18.59763  19.73402  20.16230  20.23284
  25.62137  25.92714  26.29141  28.06641  28.62187
 kpt#  23, nband= 45, wtk=  1.00000, kpt=  0.6000  0.6000  0.2000 (reduced coord)
 -11.18964 -10.22878 -10.14755  -9.85757  -8.85046  -8.71872  -8.66380  -8.48083
  -8.37562  -8.36604  -8.08457  -8.02513  -7.92271  -7.82492  -7.55749  -7.53440
  -6.78653  -6.46079  -6.19035  -6.02982  -5.92659  -4.86179  -4.26409  -2.94024
   0.97963   2.87736   3.00934   5.34932   9.69252  11.68754  12.04040  14.19589
  14.23081  14.44658  15.76807  17.07311  18.73791  19.75468  20.05028  21.52755
  25.13284  25.43749  26.08719  26.19661  28.60979
 kpt#  24, nband= 45, wtk=  1.00000, kpt=  0.6500  0.6500  0.3000 (reduced coord)
 -11.44802 -10.17925 -10.14225 -10.03624  -8.80064  -8.70267  -8.69138  -8.32104
  -8.22042  -8.19832  -8.00438  -7.99337  -7.92753  -7.71505  -7.61243  -7.58681
  -6.53617  -6.42785  -6.34734  -5.93331  -5.89687  -4.33429  -4.09955  -3.49115
   0.85173   1.61637   1.78502   5.11773  11.68040  12.68475  12.94503  14.47030
  14.84924  15.29866  16.84782  17.01292  17.20578  17.74299  19.40871  20.97763
  25.28900  25.81701  27.32964  28.07559  28.23497
 kpt#  25, nband= 45, wtk=  1.00000, kpt=  0.7000  0.7000  0.4000 (reduced coord)
 -11.39704 -10.36139  -9.99985  -9.99708  -8.84469  -8.72683  -8.66553  -8.37633
  -8.25495  -8.22063  -8.02077  -7.96311  -7.90512  -7.78321  -7.67516  -7.48923
  -6.55742  -6.38390  -6.31240  -5.96144  -5.91320  -4.97769  -3.39280  -3.37035
   0.80002   0.97811   2.77159   5.16183  11.64088  11.82719  13.58615  13.90552
  14.10698  15.29900  16.85512  17.19608  18.08006  18.41627  18.50979  20.83095
  25.08291  27.06491  27.33672  27.38202  27.79765
 kpt#  26, nband= 45, wtk=  1.00000, kpt=  0.7500  0.7500  0.5000 (reduced coord)
 -11.13770 -10.98219  -9.75193  -9.71180  -9.03987  -8.88653  -8.77073  -8.60607
  -8.38607  -8.34005  -8.08910  -8.00371  -7.79769  -7.77560  -7.68688  -7.29956
  -6.62264  -6.21008  -6.10320  -6.09961  -6.08482  -5.84283  -2.41694  -2.30308
   0.55349   0.75181   5.21409   5.63728  10.70172  10.72726  10.96736  11.61823
  15.74484  15.81394  16.05487  16.14100  18.02423  18.56492  20.17858  20.40812
  25.90417  26.25102  27.36152  27.77674  28.53765
 kpt#  27, nband= 45, wtk=  1.00000, kpt=  0.8000  0.8000  0.6000 (reduced coord)
 -12.16080 -10.59997  -9.61064  -9.54638  -9.26815  -9.13736  -9.10151  -8.68755
  -8.48531  -8.38199  -8.04245  -7.94809  -7.78873  -7.52137  -7.40284  -7.18099
  -6.61593  -6.51223  -6.34831  -6.05441  -5.91452  -5.52883  -1.82668  -1.77713
   1.32602   1.46631   5.92365   8.34247   8.35053   8.77899  10.23309  10.63180
  13.13550  13.68954  16.80971  17.14712  17.32505  19.74276  20.04145  20.71542
  25.27027  25.52549  27.80707  27.80727  28.50395
 kpt#  28, nband= 45, wtk=  1.00000, kpt=  0.8500  0.8500  0.7000 (reduced coord)
 -13.30790 -10.34549  -9.85934  -9.81528  -9.47728  -9.41972  -9.41484  -8.54998
  -8.08682  -8.03834  -7.90936  -7.81356  -7.59357  -7.20887  -7.17756  -7.13466
  -6.56712  -6.40547  -6.38647  -5.97349  -5.80809  -5.02102  -1.95109  -1.92519
   3.08807   3.18278   6.36149   6.51360   6.75853   9.69215   9.86055  10.07728
  11.74903  11.92665  16.66827  17.92449  18.26728  18.70625  18.77432  22.11569
  23.09423  24.14817  25.44991  26.03049  28.87805
 kpt#  29, nband= 45, wtk=  1.00000, kpt=  0.9000  0.9000  0.8000 (reduced coord)
 -14.24509 -10.37585 -10.18900 -10.17504  -9.70926  -9.68682  -9.68563  -8.34504
  -7.97743  -7.97740  -7.32069  -7.31400  -7.24595  -7.07550  -6.84180  -6.71226
  -6.45009  -6.17619  -6.13384  -5.89117  -5.68854  -4.48196  -2.47912  -2.43236
   4.92179   4.93247   5.30587   5.62886   6.98542   7.62509   9.20371   9.55220
  10.24499  15.41458  16.52967  17.19453  17.64899  18.57046  19.36564  20.21755
  21.31053  22.02196  22.49191  26.01222  29.84952
 kpt#  30, nband= 45, wtk=  1.00000, kpt=  0.9500  0.9500  0.9000 (reduced coord)
 -14.84531 -10.47552 -10.43157 -10.42562  -9.87489  -9.86993  -9.86985  -8.18520
  -8.08276  -8.08060  -7.12327  -7.07911  -6.65151  -6.63077  -6.59939  -6.38064
  -5.92960  -5.91513  -5.89797  -5.71000  -5.55858  -3.89936  -3.16464  -3.13604
   4.10573   4.22640   4.81606   7.53925   7.73852   8.51047   8.80423   9.19565
   9.32128  16.38519  16.52663  16.89321  17.34735  17.78444  17.90496  18.79011
  20.07539  21.54927  22.14766  26.71396  29.35717
 kpt#  31, nband= 45, wtk=  1.00000, kpt=  1.0000  1.0000  1.0000 (reduced coord)
 -15.05108 -10.52262 -10.52262 -10.50616  -9.93446  -9.93446  -9.93446  -8.12551
  -8.12551  -8.12551  -7.07716  -7.07716  -6.55835  -6.34717  -6.34717  -6.34717
  -5.84761  -5.84761  -5.48805  -5.48805  -5.48805  -3.56732  -3.56732  -3.56732
   3.84068   3.84068   4.06304   8.62084   8.62084   8.62084   9.14614   9.14614
   9.14614  16.17688  16.17688  16.45805  16.45805  16.45805  17.82926  18.00467
  22.10522  22.10522  22.10522  25.86796  29.07743
 kpt#  32, nband= 45, wtk=  1.00000, kpt=  0.9750  0.9750  0.9750 (reduced coord)
 -15.02521 -10.51318 -10.51318 -10.49716  -9.92690  -9.92631  -9.92631  -8.13271
  -8.12005  -8.12005  -7.08027  -7.08027  -6.56673  -6.38162  -6.38162  -6.35369
  -5.85714  -5.85714  -5.55264  -5.51119  -5.51119  -3.54637  -3.54637  -3.53050
   3.90137   3.90137   4.12403   8.51114   8.51114   8.66249   8.99309   9.14649
   9.14649  16.25303  16.25303  16.54995  16.58424  16.58424  17.92948  17.99099
  21.68214  22.09043  22.09043  26.10896  29.11765
 kpt#  33, nband= 45, wtk=  1.00000, kpt=  0.9500  0.9500  0.9500 (reduced coord)
 -14.94786 -10.48501 -10.48501 -10.47032  -9.90446  -9.90204  -9.90204  -8.15394
  -8.10408  -8.10408  -7.08934  -7.08934  -6.59389  -6.48520  -6.48520  -6.37054
  -5.88447  -5.88447  -5.72769  -5.57098  -5.57098  -3.49165  -3.49165  -3.43738
   4.08202   4.08202   4.30521   8.14481   8.14481   8.57535   8.78678   9.22666
   9.22666  16.30737  16.30737  16.73301  17.09434  17.09434  17.91267  18.28558
  20.75722  22.04684  22.04684  26.45409  29.29562
 kpt#  34, nband= 45, wtk=  1.00000, kpt=  0.9250  0.9250  0.9250 (reduced coord)
 -14.81983 -10.43866 -10.43866 -10.42610  -9.86795  -9.86223  -9.86223  -8.18818
  -8.07892  -8.07892  -7.10372  -7.10372  -6.65382  -6.65382  -6.64434  -6.39130
  -5.97501  -5.92958  -5.92958  -5.64596  -5.64596  -3.42137  -3.42137  -3.32206
   4.37841   4.37841   4.60073   7.57542   7.57542   7.98166   8.99174   9.41993
   9.41993  16.32584  16.32584  16.86486  17.64707  17.91374  17.91374  18.90243
  19.85479  21.97649  21.97649  26.54899  29.27186
 kpt#  35, nband= 45, wtk=  1.00000, kpt=  0.9000  0.9000  0.9000 (reduced coord)
 -14.64249 -10.37517 -10.37517 -10.36540  -9.81866  -9.80782  -9.80782  -8.23376
  -8.04685  -8.04685  -7.12262  -7.12262  -6.87367  -6.87367  -6.72067  -6.41044
  -6.26018  -5.99751  -5.99751  -5.71496  -5.71496  -3.35347  -3.35347  -3.21234
   4.78403   4.78403   4.99783   6.89859   6.89859   7.29876   9.27434   9.70726
   9.70726  16.33867  16.33867  16.80198  17.05919  18.93277  18.93277  19.06154
  20.02842  21.88225  21.88225  26.43483  29.33001
 kpt#  36, nband= 45, wtk=  1.00000, kpt=  0.8750  0.8750  0.8750 (reduced coord)
 -14.41786 -10.29636 -10.29636 -10.28979  -9.75838  -9.74008  -9.74008  -8.28834
  -8.01126  -8.01126  -7.15770  -7.15770  -7.11235  -7.11235  -6.82081  -6.55801
  -6.42626  -6.09112  -6.09112  -5.76649  -5.76649  -3.30072  -3.30072  -3.12472
   5.29061   5.29061   5.45249   6.17708   6.17708   6.61858   9.63068  10.07588
  10.07588  15.75442  16.35245  16.35245  17.00513  18.87737  20.09126  20.09126
  21.08529  21.76738  21.76738  26.23712  29.31528
 kpt#  37, nband= 45, wtk=  1.00000, kpt=  0.8500  0.8500  0.8500 (reduced coord)
 -14.14873 -10.20536 -10.20536 -10.20206  -9.68915  -9.66041  -9.66041  -8.34896
  -7.97668  -7.97668  -7.39698  -7.39698  -7.16098  -7.16098  -6.93986  -6.84972
  -6.43942  -6.20256  -6.20256  -5.80198  -5.80198  -3.27088  -3.27088  -3.06777
   5.44550   5.44550   5.54839   5.89190   5.89190   6.38415  10.05629  10.51736
  10.51736  14.45915  16.36950  16.36950  17.01800  18.77788  21.34511  21.34511
  21.64375  21.64375  22.30234  26.04507  29.15582
 kpt#  38, nband= 45, wtk=  1.00000, kpt=  0.8250  0.8250  0.8250 (reduced coord)
 -13.83884 -10.10765 -10.10765 -10.10726  -9.61265  -9.56997  -9.56997  -8.41185
  -7.94927  -7.94927  -7.65582  -7.65582  -7.18541  -7.18541  -7.11973  -7.07235
  -6.45093  -6.31788  -6.31788  -5.82737  -5.82737  -3.26844  -3.26844  -3.04585
   4.73206   4.73206   4.94641   6.57391   6.57391   6.94816  10.54635  11.02462
  11.02462  13.11432  16.39126  16.39126  17.02999  18.67783  21.47541  21.47541
  22.71116  22.71116  23.61124  25.91493  28.83194
 kpt#  39, nband= 45, wtk=  1.00000, kpt=  0.8000  0.8000  0.8000 (reduced coord)
 -13.49321 -10.01462 -10.01290 -10.01290  -9.52867  -9.46882  -9.46882  -8.47185
  -7.95290  -7.95290  -7.87268  -7.87268  -7.35385  -7.21439  -7.21439  -7.21317
  -6.46146  -6.42152  -6.42152  -5.84688  -5.84688  -3.29633  -3.29633  -3.06160
   4.04848   4.04848   4.27323   7.33196   7.33196   7.68931  11.09589  11.59107
  11.59107  11.76937  16.41897  16.41897  17.04328  18.53914  21.30927  21.30927
  24.13025  24.13025  24.97485  25.88572  28.38291
 kpt#  40, nband= 45, wtk=  1.00000, kpt=  0.7750  0.7750  0.7750 (reduced coord)
 -13.11868  -9.93970  -9.93693  -9.93693  -9.43283  -9.35470  -9.35470  -8.52149
  -8.10970  -8.10970  -7.90972  -7.90972  -7.53894  -7.35772  -7.25644  -7.25644
  -6.49728  -6.49728  -6.47137  -5.86268  -5.86268  -3.35700  -3.35700  -3.11727
   3.40683   3.40683   3.62982   8.15741   8.15741   8.50123  10.45391  11.69986
  12.21034  12.21034  16.45387  16.45387  17.06052  18.35243  21.12670  21.12670
  25.61200  25.61200  25.85606  26.47985  27.87115
 kpt#  41, nband= 45, wtk=  1.00000, kpt=  0.7500  0.7500  0.7500 (reduced coord)
 -12.72456  -9.90210  -9.90032  -9.90032  -9.31701  -9.22336  -9.22336  -8.54981
  -8.24884  -8.24884  -7.91930  -7.91930  -7.66468  -7.50192  -7.31978  -7.31978
  -6.53269  -6.53269  -6.48077  -5.87579  -5.87579  -3.45285  -3.45285  -3.21518
   2.81608   2.81608   3.03738   8.98857   9.04268   9.04268   9.55458  12.35314
  12.87611  12.87611  16.49732  16.49732  17.08359  18.12495  20.92977  20.92977
  26.00794  27.11878  27.11878  27.37733  27.37733
 kpt#  42, nband= 45, wtk=  1.00000, kpt=  0.7250  0.7250  0.7250 (reduced coord)
 -12.32370  -9.91837  -9.91837  -9.91420  -9.17656  -9.07302  -9.07302  -8.54278
  -8.31798  -8.31798  -7.93751  -7.93751  -7.72618  -7.64216  -7.40484  -7.40484
  -6.52640  -6.52640  -6.48970  -5.88663  -5.88663  -3.58619  -3.58619  -3.35747
   2.28343   2.28343   2.50670   7.83795   9.98004   9.98004  10.38011  13.05044
  13.58190  13.58190  16.55105  16.55105  17.11277  17.87418  20.72067  20.72067
  26.18362  26.83249  26.83249  28.74402  28.74435
 kpt#  43, nband= 45, wtk=  1.00000, kpt=  0.7000  0.7000  0.7000 (reduced coord)
 -11.93327  -9.98908  -9.98908  -9.97230  -9.01564  -8.91003  -8.91003  -8.48505
  -8.31232  -8.31232  -7.96239  -7.96239  -7.77532  -7.72477  -7.50301  -7.50301
  -6.49808  -6.48792  -6.48792  -5.89533  -5.89533  -3.75867  -3.75867  -3.54522
   1.81431   1.81431   2.04427   6.63310  10.96062  10.96062  11.34076  13.78605
  14.32061  14.32061  16.61770  16.61770  17.14121  17.62844  20.50308  20.50308
  26.37043  26.37043  26.37046  29.73489  29.77466
 kpt#  44, nband= 45, wtk=  1.00000, kpt=  0.6750  0.6750  0.6750 (reduced coord)
 -11.57440 -10.09503 -10.09503 -10.06154  -8.84439  -8.75028  -8.75028  -8.36159
  -8.23690  -8.23690  -7.98971  -7.98971  -7.89868  -7.66522  -7.60232  -7.60232
  -6.50583  -6.43004  -6.43004  -5.90181  -5.90181  -3.97039  -3.97039  -3.77747
   1.41188   1.41188   1.65274   5.47559  11.97248  11.97248  12.32549  14.55349
  15.08378  15.08378  16.70214  16.70214  17.12007  17.46002  20.28270  20.28270
  25.95729  25.95729  26.53036  28.85467  28.86306
 kpt#  45, nband= 45, wtk=  1.00000, kpt=  0.6500  0.6500  0.6500 (reduced coord)
 -11.26851 -10.21569 -10.21569 -10.16500  -8.67478  -8.61336  -8.61336  -8.16121
  -8.10778  -8.10778  -8.00994  -8.00957  -8.00957  -7.68803  -7.68803  -7.55155
  -6.51283  -6.36404  -6.36404  -5.90593  -5.90593  -4.21910  -4.21910  -4.05036
   1.07660   1.07660   1.33080   4.37990  12.99666  12.99666  13.30323  15.34467
  15.85921  15.85921  16.81561  16.81561  16.96673  17.47907  20.06740  20.06740
  25.59692  25.59692  26.61275  28.05380  28.05456
 kpt#  46, nband= 45, wtk=  1.00000, kpt=  0.6250  0.6250  0.6250 (reduced coord)
 -11.02999 -10.33505 -10.33505 -10.26871  -8.51789  -8.50895  -8.50895  -8.10717
  -8.05959  -8.05959  -7.93518  -7.93518  -7.88563  -7.71277  -7.71277  -7.38433
  -6.51898  -6.29890  -6.29890  -5.90747  -5.90747  -4.49967  -4.49967  -4.35711
   0.80615   0.80615   1.07326   3.36050  13.99794  13.99794  14.22921  16.14853
  16.61671  16.61671  16.76606  16.99541  16.99541  17.63872  19.86704  19.86704
  25.28737  25.28737  26.54481  27.33943  27.34007
 kpt#  47, nband= 45, wtk=  1.00000, kpt=  0.6000  0.6000  0.6000 (reduced coord)
 -10.86033 -10.44246 -10.44246 -10.36247  -8.43462  -8.43462  -8.38276  -8.18879
  -8.07822  -8.07822  -7.91745  -7.91745  -7.55719  -7.55020  -7.55020  -7.16166
  -6.52417  -6.24196  -6.24196  -5.90632  -5.90632  -4.80401  -4.80401  -4.68870
   0.59599   0.59599   0.87132   2.43840  14.90437  14.90437  15.03219  16.58114
  16.94817  17.15374  17.15374  17.47209  17.47209  17.93076  19.69370  19.69370
  25.02339  25.02339  26.26311  26.68497  26.69345
 kpt#  48, nband= 45, wtk=  1.00000, kpt=  0.5750  0.5750  0.5750 (reduced coord)
 -10.75016 -10.53117 -10.53117 -10.43900  -8.38550  -8.38550  -8.27549  -8.25355
  -8.09846  -8.09846  -7.94724  -7.94724  -7.28668  -7.28668  -7.21354  -6.88811
  -6.52830  -6.19998  -6.19998  -5.90280  -5.90280  -5.12048  -5.12048  -5.03463
   0.44048   0.44048   0.71058   1.64879  15.59309  15.59309  15.62974  16.42922
  17.61010  17.61010  17.71510  18.15189  18.15189  18.38706  19.56441  19.56441
  24.79734  24.79734  25.81128  25.82144  26.02062
 kpt#  49, nband= 45, wtk=  1.00000, kpt=  0.5500  0.5500  0.5500 (reduced coord)
 -10.68669 -10.59699 -10.59699 -10.49291  -8.35667  -8.35667  -8.30047  -8.19875
  -8.11769  -8.11769  -7.96659  -7.96659  -6.99671  -6.99671  -6.88224  -6.60006
  -6.53131  -6.18233  -6.18233  -5.89814  -5.89814  -5.42972  -5.42972  -5.38233
   0.33405   0.33405   0.55668   1.06113  15.99022  15.99022  15.99555  16.31732
  18.22617  18.22617  18.39738  18.71676  18.71676  18.96173  19.51532  19.51532
  24.59662  24.59662  25.04193  25.29813  25.33947
 kpt#  50, nband= 45, wtk=  1.00000, kpt=  0.5250  0.5250  0.5250 (reduced coord)
 -10.65798 -10.63740 -10.63740 -10.52170  -8.34254  -8.34254  -8.32891  -8.15292
  -8.13225  -8.13225  -7.97379  -7.97379  -6.71083  -6.71083  -6.57633  -6.53314
  -6.37366  -6.21227  -6.21227  -5.89506  -5.89506  -5.70833  -5.68556  -5.68556
   0.27215   0.27215   0.35835   0.77760  16.17075  16.17075  16.17833  16.24941
  18.80493  18.80493  18.90122  19.01330  19.01330  19.47831  19.60574  19.60574
  24.39548  24.39548  24.47986  24.82293  24.82572
 kpt#  51, nband= 45, wtk=  1.00000, kpt=  0.5000  0.5000  0.5000 (reduced coord)
 -10.65101 -10.65101 -10.65101 -10.52967  -8.33843  -8.33843  -8.33843  -8.13770
  -8.13770  -8.13770  -7.97521  -7.97521  -6.53376  -6.53376  -6.53376  -6.40022
  -6.28435  -6.28435  -6.28435  -5.89577  -5.89577  -5.89577  -5.78867  -5.78867
   0.25185   0.25185   0.25185   0.71534  16.22182  16.22182  16.22182  16.23761
  19.02917  19.02917  19.09420  19.09420  19.09420  19.69432  19.69432  19.69432
  24.26749  24.26749  24.26749  24.65678  24.65678
 kpt#  52, nband= 45, wtk=  1.00000, kpt=  0.4500  0.5000  0.4500 (reduced coord)
 -10.65890 -10.63700 -10.60598 -10.50652  -8.35164  -8.34730  -8.31459  -8.17192
  -8.13479  -8.11780  -7.98020  -7.96140  -6.89295  -6.87238  -6.76482  -6.55448
  -6.53824  -6.20639  -6.05924  -5.90409  -5.88875  -5.70501  -5.49643  -5.44176
   0.25928   0.35879   0.51134   0.89408  16.02907  16.05337  16.20901  16.21938
  18.20913  18.68153  18.76696  18.79296  18.80566  19.32828  19.42157  19.50365
  24.49299  24.63013  24.80267  24.86906  25.08019
 kpt#  53, nband= 45, wtk=  1.00000, kpt=  0.4000  0.5000  0.4000 (reduced coord)
 -10.68949 -10.63220 -10.47472 -10.41035  -8.41118  -8.38854  -8.25221  -8.24399
  -8.14305  -8.05898  -7.98327  -7.91230  -7.38673  -7.36344  -7.22291  -7.04937
  -6.55139  -6.19246  -5.92908  -5.90786  -5.90770  -5.64510  -4.84913  -4.78392
   0.28383   0.46528   1.23762   1.58110  15.24689  15.34522  16.14438  16.20313
  16.44846  17.17600  18.17003  18.34887  18.52217  18.84230  19.10425  19.22042
  24.96387  25.17103  25.30399  25.86357  25.92150
 kpt#  54, nband= 45, wtk=  1.00000, kpt=  0.3500  0.5000  0.3500 (reduced coord)
 -10.76320 -10.67477 -10.26860 -10.23451  -8.56940  -8.49100  -8.31696  -8.19107
  -8.12957  -7.97823  -7.96379  -7.93374  -7.88443  -7.75517  -7.56489  -7.46688
  -6.57212  -6.19572  -5.97072  -5.94517  -5.89023  -5.67628  -4.11023  -4.02497
   0.33238   0.53578   2.32222   2.68875  13.90690  14.06590  14.48690  15.30231
  16.04061  16.20104  17.37995  17.76661  18.52875  18.78880  18.91692  19.10733
  25.48858  25.65786  25.77337  26.56282  26.91939
 kpt#  55, nband= 45, wtk=  1.00000, kpt=  0.3000  0.5000  0.3000 (reduced coord)
 -10.90815 -10.78601 -10.00614 -10.00592  -8.79817  -8.66490  -8.46742  -8.35502
  -8.28175  -8.15146  -8.02990  -7.97739  -7.84895  -7.83689  -7.82389  -7.46996
  -6.59776  -6.20284  -6.02893  -6.00173  -5.96533  -5.76032  -3.29747  -3.19520
   0.41670   0.62302   3.66905   4.06739  12.33853  12.54170  12.54566  13.42917
  15.90399  16.13858  16.57076  16.94117  18.32143  18.73282  19.34302  19.57405
  25.70086  26.08365  26.54015  27.22887  28.16501
 kpt#  56, nband= 45, wtk=  1.00000, kpt=  0.2500  0.5000  0.2500 (reduced coord)
 -11.13770 -10.98219  -9.75193  -9.71180  -9.03987  -8.88653  -8.77073  -8.60607
  -8.38607  -8.34005  -8.08910  -8.00371  -7.79769  -7.77560  -7.68688  -7.29956
  -6.62264  -6.21008  -6.10320  -6.09961  -6.08482  -5.84283  -2.41694  -2.30308
   0.55349   0.75181   5.21409   5.63728  10.70172  10.72726  10.96736  11.61823
  15.74484  15.81394  16.05487  16.14100  18.02423  18.56492  20.17858  20.40812
  25.90417  26.25102  27.36152  27.77674  28.53538
 kpt#  57, nband= 45, wtk=  1.00000, kpt=  0.2000  0.5000  0.2000 (reduced coord)
 -11.42456 -11.24351  -9.49866  -9.41346  -9.26052  -9.10966  -8.96869  -8.77794
  -8.57164  -8.41428  -8.07809  -8.07356  -7.68589  -7.60361  -7.53233  -7.14705
  -6.63639  -6.26836  -6.21548  -6.19149  -6.19047  -5.86739  -1.47277  -1.35494
   0.76323   0.94185   6.91421   7.34348   8.99408   9.15106   9.42198   9.93928
  15.15097  15.43144  15.57720  15.95181  17.75044  18.41815  21.21644  21.45859
  25.70756  26.06122  26.12559  26.39171  29.12612
 kpt#  58, nband= 45, wtk=  1.00000, kpt=  0.1500  0.5000  0.1500 (reduced coord)
 -11.71274 -11.51600  -9.44213  -9.29979  -9.27004  -9.13916  -9.08041  -8.86812
  -8.71796  -8.52405  -8.03912  -8.01490  -7.60072  -7.40913  -7.40382  -7.10345
  -6.62919  -6.45086  -6.28633  -6.28582  -6.21816  -5.80373  -0.47154  -0.36167
   1.06548   1.20799   7.45466   7.60875   7.94727   8.30276   8.77836   9.28885
  14.60933  14.84720  15.41711  15.84183  17.51973  18.28645  22.42076  22.67808
  23.19851  23.73702  26.36755  26.42865  30.53709
 kpt#  59, nband= 45, wtk=  1.00000, kpt=  0.1000  0.5000  0.1000 (reduced coord)
 -11.95084 -11.74553  -9.57566  -9.44114  -9.14179  -9.08745  -8.91517  -8.91233
  -8.82659  -8.62407  -7.95636  -7.90231  -7.53196  -7.34005  -7.21104  -7.18855
  -6.62703  -6.62470  -6.35566  -6.35498  -6.21842  -5.67445   0.56831   0.64822
   1.46433   1.54439   6.12795   6.20895   6.58649   7.07273  10.69558  11.12814
  14.20862  14.41250  15.27739  15.73359  17.31766  18.13849  20.76921  21.46057
  23.76686  24.03921  26.47010  26.61255  30.37265
 kpt#  60, nband= 45, wtk=  1.00000, kpt=  0.0500  0.5000  0.0500 (reduced coord)
 -12.10534 -11.89585  -9.65694  -9.52745  -9.17315  -8.97247  -8.92965  -8.89408
  -8.76612  -8.69034  -7.87292  -7.75249  -7.48764  -7.34574  -7.32182  -7.02562
  -6.75882  -6.70165  -6.39822  -6.35883  -6.21756  -5.55380   1.57282   1.57620
   1.88290   1.90202   4.97962   5.11393   5.44560   6.14223  12.62285  12.96265
  13.96261  14.14459  15.14496  15.60446  17.02003  17.82707  18.74740  19.65884
  25.22791  25.51776  26.49476  26.81366  28.59297
 kpt#  61, nband= 45, wtk=  1.00000, kpt=  0.0000  0.5000  0.0000 (reduced coord)
 -12.15864 -11.94791  -9.68419  -9.55642  -9.18289  -8.95018  -8.91703  -8.91703
  -8.71334  -8.71334  -7.83645  -7.63181  -7.47236  -7.47236  -7.32093  -6.88623
  -6.81159  -6.81159  -6.41353  -6.34607  -6.21704  -5.50604   2.04288   2.04288
   2.13551   2.13551   4.34141   4.68485   4.90759   5.77958  13.87967  13.87967
  14.05407  14.05407  14.94580  15.42224  16.53004  17.39036  18.00254  19.04825
  26.50301  26.50301  26.89556  26.89556  27.21396
