
 **** DERIVATIVE DATABASE ****    
+DDB, Version number    100401

  Note : temporary (transfer) database                                                                                                                                                                                                                                   

    usepaw         0
     natom         4
      nkpt         6
    nsppol         1
      nsym        16
    ntypat         1
    occopt         4
     nband         8
     acell  0.75055909000000D+01  0.75055909000000D+01  0.75055909000000D+01
       amu  0.26981539000000D+02
   dilatmx  0.10000000000000D+01
      ecut  0.60000000000000D+01
    ecutsm  0.00000000000000D+00
     intxc         0
      iscf         7
       ixc         1
       kpt  0.00000000000000D+00  0.12500000000000D+00  0.00000000000000D+00
            0.00000000000000D+00  0.37500000000000D+00  0.00000000000000D+00
            0.12500000000000D+00  0.25000000000000D+00  0.00000000000000D+00
            0.12500000000000D+00  0.50000000000000D+00  0.00000000000000D+00
            0.25000000000000D+00  0.37500000000000D+00  0.00000000000000D+00
            0.37500000000000D+00  0.50000000000000D+00  0.00000000000000D+00
    kptnrm  0.10000000000000D+01
     ngfft        12   12   50
    nspden         1
   nspinor         1
       occ  0.20000000000000D+01  0.20000000000000D+01  0.20000000000000D+01
            0.20000013420912D+01  0.20410386780716D+01  0.45326549757449D-02
            0.56821208687481D-03  0.26044971806150D-03
     rprim  0.50000000000000D+00 -0.50000000000000D+00  0.00000000000000D+00
            0.50000000000000D+00  0.50000000000000D+00  0.00000000000000D+00
            0.00000000000000D+00  0.00000000000000D+00  0.30000000000000D+01
     sciss  0.00000000000000D+00
    spinat  0.00000000000000D+00  0.00000000000000D+00  0.00000000000000D+00
            0.00000000000000D+00  0.00000000000000D+00  0.00000000000000D+00
            0.00000000000000D+00  0.00000000000000D+00  0.00000000000000D+00
            0.00000000000000D+00  0.00000000000000D+00  0.00000000000000D+00
    symafm         1    1    1    1    1    1    1    1    1    1    1    1
                   1    1    1    1
    symrel         1    0    0    0    1    0    0    0    1
                  -1    0    0    0   -1    0    0    0   -1
                  -1    0    0    0    1    0    0    0   -1
                   1    0    0    0   -1    0    0    0    1
                  -1    0    0    0   -1    0    0    0    1
                   1    0    0    0    1    0    0    0   -1
                   1    0    0    0   -1    0    0    0   -1
                  -1    0    0    0    1    0    0    0    1
                   0    1    0    1    0    0    0    0    1
                   0   -1    0   -1    0    0    0    0   -1
                   0   -1    0    1    0    0    0    0   -1
                   0    1    0   -1    0    0    0    0    1
                   0   -1    0   -1    0    0    0    0    1
                   0    1    0    1    0    0    0    0   -1
                   0    1    0   -1    0    0    0    0   -1
                   0   -1    0    1    0    0    0    0    1
     tnons  0.00000000000000D+00  0.00000000000000D+00  0.00000000000000D+00
            0.50000000000000D+00  0.50000000000000D+00  0.50000000000000D+00
            0.50000000000000D+00  0.50000000000000D+00  0.50000000000000D+00
            0.00000000000000D+00  0.00000000000000D+00  0.00000000000000D+00
            0.00000000000000D+00  0.00000000000000D+00  0.00000000000000D+00
            0.50000000000000D+00  0.50000000000000D+00  0.50000000000000D+00
            0.50000000000000D+00  0.50000000000000D+00  0.50000000000000D+00
            0.00000000000000D+00  0.00000000000000D+00  0.00000000000000D+00
            0.00000000000000D+00  0.00000000000000D+00  0.00000000000000D+00
            0.50000000000000D+00  0.50000000000000D+00  0.50000000000000D+00
            0.50000000000000D+00  0.50000000000000D+00  0.50000000000000D+00
            0.00000000000000D+00  0.00000000000000D+00  0.00000000000000D+00
            0.00000000000000D+00  0.00000000000000D+00  0.00000000000000D+00
            0.50000000000000D+00  0.50000000000000D+00  0.50000000000000D+00
            0.50000000000000D+00  0.50000000000000D+00  0.50000000000000D+00
            0.00000000000000D+00  0.00000000000000D+00  0.00000000000000D+00
    tolwfr  0.10000000000000D+01
   tphysel  0.00000000000000D+00
    tsmear  0.40000000000000D-01
     typat         1    1    1    1
       wtk  0.12500000000000D+00  0.12500000000000D+00  0.25000000000000D+00
            0.12500000000000D+00  0.25000000000000D+00  0.12500000000000D+00
      xred  0.00000000000000D+00  0.00000000000000D+00 -0.14756053714259D-01
           -0.50000000000000D+00  0.50000000000000D+00  0.16099015599482D+00
            0.00000000000000D+00  0.00000000000000D+00  0.33900984400517D+00
           -0.50000000000000D+00  0.50000000000000D+00  0.51475605371426D+00
     znucl  0.13000000000000D+02
      zion  0.30000000000000D+01
 
 No information on the potentials yet 
 
 **** Database of total energy derivatives ****
 Number of data blocks=    2
  
 Total energy                 - # elements :       1
 -0.83565588272761D+01  0.00000000000000D+00
  
 1st derivatives              - # elements :      18
   1   1  0.00000000000000D+00  0.00000000000000D+00
   2   1  0.00000000000000D+00  0.00000000000000D+00
   3   1 -0.30738828483510D-02  0.00000000000000D+00
   1   2  0.00000000000000D+00  0.00000000000000D+00
   2   2  0.00000000000000D+00  0.00000000000000D+00
   3   2  0.17857726531343D-02  0.00000000000000D+00
   1   3  0.00000000000000D+00  0.00000000000000D+00
   2   3  0.00000000000000D+00  0.00000000000000D+00
   3   3 -0.17857726531343D-02  0.00000000000000D+00
   1   4  0.00000000000000D+00  0.00000000000000D+00
   2   4  0.00000000000000D+00  0.00000000000000D+00
   3   4  0.30738828483510D-02  0.00000000000000D+00
   1   7  0.18838416775166D-03  0.00000000000000D+00
   2   7  0.18838416775166D-03  0.00000000000000D+00
   3   7  0.64039404977415D-04  0.00000000000000D+00
   1   8  0.00000000000000D+00  0.00000000000000D+00
   2   8  0.00000000000000D+00  0.00000000000000D+00
   3   8  0.00000000000000D+00  0.00000000000000D+00
