-0.299   0.230   0.274   0.282  
-0.276   0.117   0.252   0.265  
-0.287   0.188   0.246   0.252  
-0.282   0.152   0.225   0.277  
-0.241   0.018   0.240   0.243  
-0.260   0.084   0.226   0.228  
-0.250   0.051   0.203   0.254  
-0.270   0.145   0.217   0.217  
-0.265   0.116   0.195   0.241  
-0.255   0.084   0.164   0.260  
-0.213  -0.036   0.227   0.241  
-0.224  -0.001   0.199   0.221  
-0.216  -0.021   0.196   0.234  
-0.239   0.056   0.181   0.203  
-0.231   0.028   0.171   0.217  
-0.220   0.005   0.150   0.229  
-0.249   0.101   0.186   0.192  
-0.244   0.082   0.166   0.202  
-0.235   0.057   0.137   0.216  
-0.222   0.035   0.108   0.227  
-0.229  -0.007   0.223   0.254  
-0.209  -0.029   0.180   0.233  
-0.207  -0.010   0.147   0.206  
-0.205  -0.023   0.156   0.211  
-0.216   0.033   0.135   0.184  
-0.210   0.013   0.132   0.187  
-0.203  -0.003   0.123   0.190  
-0.197  -0.009   0.108   0.197  
-0.224   0.058   0.161   0.172  
-0.220   0.049   0.140   0.171  
-0.213   0.036   0.114   0.171  
-0.203   0.023   0.087   0.180  
-0.193   0.016   0.064   0.191  
-0.265   0.082   0.232   0.275  
-0.236   0.024   0.177   0.257  
-0.208  -0.008   0.128   0.226  
-0.193  -0.004   0.096   0.195  
-0.194   0.016   0.098   0.171  
-0.192   0.009   0.090   0.169  
-0.190   0.002   0.090   0.160  
-0.198   0.019   0.144   0.159  
-0.196   0.020   0.119   0.151  
-0.191   0.021   0.094   0.138  
-0.187   0.021   0.070   0.136  
-0.183   0.022   0.053   0.146  
-0.180   0.015   0.056   0.161  
-0.293   0.192   0.255   0.293  
-0.271   0.116   0.194   0.284  
-0.240   0.056   0.134   0.258  
-0.208   0.021   0.083   0.223  
-0.185   0.016   0.051   0.189  
-0.179   0.006   0.077   0.165  
-0.180  -0.007   0.136   0.152  
-0.179  -0.000   0.108   0.142  
-0.178   0.012   0.080   0.123  
-0.177   0.029   0.056   0.109  
-0.304   0.268   0.293   0.293  
-0.287   0.155   0.277   0.277  
-0.255   0.047   0.259   0.259  
-0.221  -0.028   0.248   0.248  