 Fermi (or HOMO) energy (hartree) =   0.23853   Average Vxc (hartree)=  -0.52525
 Eigenvalues (hartree) for nkpt=   3  k points:
 kpt#   1, nband= 40, wtk=  0.25000, kpt=  0.2500  0.2500  0.2500 (reduced coord)
  -3.46126  -3.38719  -2.10478  -2.10456  -2.10423  -2.03275  -2.03273  -2.03236
  -0.46836  -0.43089  -0.06322  -0.05396  -0.03550  -0.00261   0.02424   0.02636
   0.03217   0.06228   0.07942   0.09316   0.11564   0.11725   0.14794   0.15729
   0.34296   0.36349   0.41290   0.53309   0.57908   0.64141   0.71856   0.78869
   0.79750   0.84995   0.93442   1.04077   1.10957   1.12830   1.21535   1.23816
 kpt#   2, nband= 40, wtk=  0.50000, kpt= -0.2500  0.2500  0.2500 (reduced coord)
  -3.46122  -3.38715  -2.10496  -2.10462  -2.10456  -2.03315  -2.03272  -2.03260
  -0.43828  -0.42875  -0.06423  -0.04903  -0.02725  -0.02423   0.00081   0.01878
   0.05089   0.05453   0.08135   0.08748   0.09379   0.10842   0.13433   0.14481
   0.35523   0.37036   0.50139   0.53630   0.59952   0.61031   0.63862   0.66814
   0.77286   0.78883   0.98922   1.00741   1.14355   1.18081   1.22763   1.32768
 kpt#   3, nband= 40, wtk=  0.25000, kpt= -0.2500 -0.2500  0.2500 (reduced coord)
  -3.46126  -3.38719  -2.10460  -2.10455  -2.10424  -2.03273  -2.03258  -2.03237
  -0.45502  -0.44604  -0.06676  -0.05306  -0.02258  -0.00482   0.02186   0.02810
   0.03441   0.05717   0.06992   0.09344   0.11741   0.12241   0.14656   0.15896
   0.34421   0.36536   0.43777   0.48263   0.64227   0.65621   0.69752   0.73819
   0.81785   0.82778   0.88857   1.04378   1.06219   1.19447   1.29468   1.31249
