 Fermi (or HOMO) energy (hartree) =   0.22347   Average Vxc (hartree)=  -0.52646
 Eigenvalues (hartree) for nkpt=   3  k points:
 kpt#   1, nband= 40, wtk=  0.25000, kpt=  0.2500  0.2500  0.2500 (reduced coord)
  -3.44748  -3.39679  -2.09044  -2.08983  -2.08950  -2.04088  -2.04083  -2.04047
  -0.48827  -0.45263  -0.03601   0.00954   0.01378   0.03320   0.06782   0.07543
   0.14209   0.16015   0.16642   0.17672   0.18079   0.19427   0.20133   0.20340
   0.23828   0.26086   0.39347   0.53104   0.57099   0.64079   0.72741   0.78738
   0.80175   0.85283   0.93946   1.04663   1.11536   1.13213   1.22030   1.24006
 kpt#   2, nband= 40, wtk=  0.50000, kpt= -0.2500  0.2500  0.2500 (reduced coord)
  -3.44744  -3.39675  -2.09036  -2.09017  -2.08983  -2.04125  -2.04082  -2.04074
  -0.45967  -0.45021  -0.03551  -0.01783   0.01156   0.02698   0.03527   0.04046
   0.15469   0.16012   0.16839   0.18132   0.18793   0.19859   0.20170   0.20672
   0.24119   0.26190   0.49028   0.53155   0.59574   0.60807   0.63967   0.67207
   0.77045   0.78774   0.99413   1.01316   1.14614   1.18349   1.23017   1.32663
 kpt#   3, nband= 40, wtk=  0.25000, kpt= -0.2500 -0.2500  0.2500 (reduced coord)
  -3.44748  -3.39679  -2.09026  -2.08983  -2.08951  -2.04083  -2.04072  -2.04048
  -0.47572  -0.46682  -0.02406  -0.01726   0.04076   0.04770   0.05652   0.06556
   0.13514   0.15882   0.16364   0.17556   0.18468   0.19396   0.20346   0.20349
   0.23642   0.26464   0.42559   0.46766   0.64226   0.65934   0.71059   0.74074
   0.81935   0.82580   0.89253   1.05263   1.06477   1.20060   1.29626   1.30839
