 Fermi (or HOMO) energy (hartree) =   0.25750   Average Vxc (hartree)=  -0.52658
 Eigenvalues (hartree) for nkpt=   3  k points:
 kpt#   1, nband= 40, wtk=  0.25000, kpt=  0.2500  0.2500  0.2500 (reduced coord)
  -3.49735  -3.42792  -2.13925  -2.13918  -2.13888  -2.07149  -2.07138  -2.07115
  -0.46797  -0.42963  -0.03665  -0.00517   0.01447   0.02872   0.03832   0.05505
   0.06998   0.10128   0.11869   0.12413   0.14731   0.14849   0.17457   0.17605
   0.33894   0.36023   0.41139   0.53298   0.57524   0.64201   0.72138   0.78494
   0.79562   0.84927   0.93464   1.04349   1.11128   1.13074   1.21704   1.23706
 kpt#   2, nband= 40, wtk=  0.50000, kpt= -0.2500  0.2500  0.2500 (reduced coord)
  -3.49731  -3.42788  -2.13957  -2.13919  -2.13910  -2.07189  -2.07149  -2.07124
  -0.43727  -0.42699  -0.03504  -0.01739   0.00168   0.01497   0.03359   0.04131
   0.07444   0.08357   0.10457   0.13722   0.13919   0.15035   0.16698   0.17230
   0.35074   0.36641   0.50029   0.53226   0.59963   0.60808   0.64076   0.66895
   0.76988   0.78562   0.99077   1.00953   1.14508   1.18288   1.22750   1.32693
 kpt#   3, nband= 40, wtk=  0.25000, kpt= -0.2500 -0.2500  0.2500 (reduced coord)
  -3.49735  -3.42792  -2.13918  -2.13906  -2.13889  -2.07149  -2.07121  -2.07116
  -0.45456  -0.44498  -0.02590  -0.01419   0.01703   0.02990   0.03912   0.05665
   0.07132   0.09175   0.11607   0.12882   0.14368   0.14886   0.17498   0.17935
   0.34001   0.36197   0.43653   0.48080   0.63935   0.65713   0.70254   0.73686
   0.81437   0.82563   0.88905   1.04799   1.06047   1.19758   1.29490   1.31194
