 Eigenvalues (hartree) for nkpt=  64  k points:
 kpt#   1, nband= 15, wtk=  0.01563, kpt=  0.0275  0.0525  0.0775 (reduced coord)
  -0.22347   0.20058   0.20989   0.21606   0.30934   0.31923   0.31969   0.35332
   0.49406   0.50775   0.50942   0.62710   0.63266   0.64651   0.78740
 kpt#   2, nband= 15, wtk=  0.01563, kpt=  0.2775  0.0525  0.0775 (reduced coord)
  -0.19727   0.08299   0.16911   0.19742   0.30600   0.33705   0.35595   0.43754
   0.46894   0.51769   0.55657   0.63886   0.72403   0.77383   0.84866
 kpt#   3, nband= 15, wtk=  0.01563, kpt= -0.4725  0.0525  0.0775 (reduced coord)
  -0.13646  -0.03972   0.15649   0.17059   0.28716   0.33703   0.34808   0.50359
   0.57248   0.59137   0.62704   0.65760   0.67429   0.70495   0.91560
 kpt#   4, nband= 15, wtk=  0.01563, kpt= -0.2225  0.0525  0.0775 (reduced coord)
  -0.18995   0.06214   0.17110   0.18615   0.30160   0.33687   0.36280   0.43694
   0.49657   0.52338   0.55101   0.66157   0.74557   0.78774   0.83461
 kpt#   5, nband= 15, wtk=  0.01563, kpt=  0.0275  0.3025  0.0775 (reduced coord)
  -0.18957   0.06106   0.17045   0.18667   0.30137   0.33716   0.36233   0.43835
   0.49547   0.52493   0.55070   0.66270   0.74623   0.78891   0.83266
 kpt#   6, nband= 15, wtk=  0.01563, kpt=  0.2775  0.3025  0.0775 (reduced coord)
  -0.18285   0.07951   0.14132   0.15047   0.26787   0.33708   0.41330   0.42616
   0.52465   0.55503   0.62562   0.67750   0.70798   0.75490   0.82608
 kpt#   7, nband= 15, wtk=  0.01563, kpt= -0.4725  0.3025  0.0775 (reduced coord)
  -0.12351  -0.01374   0.08305   0.12533   0.28375   0.36343   0.40836   0.47524
   0.57018   0.62408   0.65649   0.70652   0.71790   0.80266   0.87621
 kpt#   8, nband= 15, wtk=  0.01563, kpt= -0.2225  0.3025  0.0775 (reduced coord)
  -0.14016   0.00638   0.07267   0.15272   0.31794   0.37009   0.40769   0.44682
   0.50315   0.55528   0.69292   0.71742   0.72584   0.80647   0.84485
 kpt#   9, nband= 15, wtk=  0.01563, kpt=  0.0275 -0.4475  0.0775 (reduced coord)
  -0.13661  -0.03956   0.15675   0.17062   0.28706   0.33695   0.34811   0.50346
   0.57150   0.59256   0.62757   0.65670   0.67401   0.70575   0.91415
 kpt#  10, nband= 15, wtk=  0.01563, kpt=  0.2775 -0.4475  0.0775 (reduced coord)
  -0.12021  -0.02310   0.08297   0.13098   0.29093   0.38411   0.40420   0.45584
   0.54825   0.62350   0.64904   0.68968   0.73142   0.83348   0.87737
 kpt#  11, nband= 15, wtk=  0.01563, kpt= -0.4725 -0.4475  0.0775 (reduced coord)
  -0.07165  -0.06868   0.09959   0.11171   0.24367   0.25855   0.56747   0.57266
   0.60444   0.61132   0.69339   0.70100   0.71533   0.72461   0.88500
 kpt#  12, nband= 15, wtk=  0.01563, kpt= -0.2225 -0.4475  0.0775 (reduced coord)
  -0.12452  -0.01283   0.08385   0.12587   0.28417   0.36393   0.40701   0.47355
   0.57174   0.62223   0.65710   0.70545   0.71630   0.80177   0.87609
 kpt#  13, nband= 15, wtk=  0.01563, kpt=  0.0275 -0.1975  0.0775 (reduced coord)
  -0.19766   0.08410   0.16990   0.19723   0.30603   0.33651   0.35630   0.43635
   0.46994   0.51640   0.55651   0.63782   0.72328   0.77207   0.85096
 kpt#  14, nband= 15, wtk=  0.01563, kpt=  0.2775 -0.1975  0.0775 (reduced coord)
  -0.15399   0.02337   0.08479   0.16204   0.32786   0.35397   0.39798   0.42983
   0.49261   0.58962   0.67079   0.68822   0.71084   0.81189   0.82086
 kpt#  15, nband= 15, wtk=  0.01563, kpt= -0.4725 -0.1975  0.0775 (reduced coord)
  -0.12110  -0.02248   0.08394   0.13149   0.29140   0.38315   0.40436   0.45425
   0.54985   0.62304   0.64816   0.68921   0.72925   0.83233   0.87705
 kpt#  16, nband= 15, wtk=  0.01563, kpt= -0.2225 -0.1975  0.0775 (reduced coord)
  -0.18364   0.08096   0.14210   0.15128   0.26845   0.33841   0.41180   0.42459
   0.52282   0.55384   0.62399   0.67606   0.70695   0.75389   0.82804
 kpt#  17, nband= 15, wtk=  0.01563, kpt=  0.0275  0.0525  0.3275 (reduced coord)
  -0.18214   0.03966   0.17302   0.18653   0.29105   0.34168   0.35458   0.46827
   0.49835   0.52946   0.54344   0.68718   0.75819   0.79160   0.83230
 kpt#  18, nband= 15, wtk=  0.01563, kpt=  0.2775  0.0525  0.3275 (reduced coord)
  -0.17489   0.06647   0.13336   0.14338   0.26077   0.32195   0.42972   0.44611
   0.53851   0.56846   0.64494   0.69094   0.71719   0.76036   0.80814
 kpt#  19, nband= 15, wtk=  0.01563, kpt= -0.4725  0.0525  0.3275 (reduced coord)
  -0.11542  -0.01995   0.07898   0.12261   0.26760   0.34076   0.44451   0.49177
   0.57847   0.63383   0.65729   0.70973   0.73194   0.80218   0.85308
 kpt#  20, nband= 15, wtk=  0.01563, kpt= -0.2225  0.0525  0.3275 (reduced coord)
  -0.13406  -0.00334   0.06968   0.15414   0.30401   0.38501   0.43152   0.44122
   0.50008   0.53478   0.68421   0.73684   0.74740   0.80311   0.86063
 kpt#  21, nband= 15, wtk=  0.01563, kpt=  0.0275  0.3025  0.3275 (reduced coord)
  -0.16690   0.05379   0.13253   0.13494   0.24852   0.30442   0.45848   0.46386
   0.55338   0.57422   0.66628   0.71233   0.71997   0.75626   0.81342
 kpt#  22, nband= 15, wtk=  0.01563, kpt=  0.2775  0.3025  0.3275 (reduced coord)
  -0.18177   0.03860   0.17384   0.18615   0.29031   0.34177   0.35428   0.46982
   0.49992   0.52812   0.54317   0.68854   0.75878   0.79053   0.83411
 kpt#  23, nband= 15, wtk=  0.01563, kpt= -0.4725  0.3025  0.3275 (reduced coord)
  -0.14057  -0.00236   0.08221   0.16309   0.30277   0.38068   0.40466   0.45920
   0.49028   0.55041   0.65686   0.72187   0.75236   0.80503   0.83155
 kpt#  24, nband= 15, wtk=  0.01563, kpt= -0.2225  0.3025  0.3275 (reduced coord)
  -0.10424  -0.03216   0.06961   0.12606   0.26085   0.35236   0.46311   0.48658
   0.56653   0.59495   0.69681   0.72346   0.73717   0.82337   0.84532
 kpt#  25, nband= 15, wtk=  0.01563, kpt=  0.0275 -0.4475  0.3275 (reduced coord)
  -0.10415  -0.03231   0.06931   0.12607   0.26160   0.35419   0.46084   0.48667
   0.56407   0.59523   0.69643   0.72520   0.73657   0.82378   0.84784
 kpt#  26, nband= 15, wtk=  0.01563, kpt=  0.2775 -0.4475  0.3275 (reduced coord)
  -0.13344  -0.00406   0.06912   0.15418   0.30275   0.38705   0.43257   0.44194
   0.49923   0.53275   0.68481   0.73774   0.74935   0.80379   0.85836
 kpt#  27, nband= 15, wtk=  0.01563, kpt= -0.4725 -0.4475  0.3275 (reduced coord)
  -0.12035  -0.03169   0.09001   0.14467   0.28387   0.38944   0.41469   0.44181
   0.55282   0.58397   0.65564   0.68811   0.71944   0.83314   0.89358
 kpt#  28, nband= 15, wtk=  0.01563, kpt= -0.2225 -0.4475  0.3275 (reduced coord)
  -0.08479  -0.04525   0.06558   0.08820   0.35914   0.36176   0.38844   0.44766
   0.57009   0.62177   0.68488   0.73308   0.78511   0.83361   0.85935
 kpt#  29, nband= 15, wtk=  0.01563, kpt=  0.0275 -0.1975  0.3275 (reduced coord)
  -0.14120  -0.00163   0.08281   0.16327   0.30365   0.37875   0.40506   0.45707
   0.49105   0.55218   0.65649   0.71967   0.75155   0.80443   0.83311
 kpt#  30, nband= 15, wtk=  0.01563, kpt=  0.2775 -0.1975  0.3275 (reduced coord)
  -0.11564  -0.01966   0.07935   0.12277   0.26653   0.33893   0.44674   0.49174
   0.58092   0.63374   0.65752   0.70770   0.73264   0.80166   0.85098
 kpt#  31, nband= 15, wtk=  0.01563, kpt= -0.4725 -0.1975  0.3275 (reduced coord)
  -0.07643  -0.05395   0.07209   0.08171   0.33959   0.34370   0.42000   0.45355
   0.58994   0.62424   0.68288   0.71477   0.80563   0.84058   0.85688
 kpt#  32, nband= 15, wtk=  0.01563, kpt= -0.2225 -0.1975  0.3275 (reduced coord)
  -0.12102  -0.03145   0.09128   0.14498   0.28428   0.38806   0.41339   0.44213
   0.55400   0.58547   0.65474   0.68589   0.71728   0.83215   0.89245
 kpt#  33, nband= 15, wtk=  0.01563, kpt=  0.0275  0.0525 -0.4225 (reduced coord)
  -0.14235  -0.03346   0.16614   0.17312   0.28053   0.33844   0.34494   0.49921
   0.56181   0.59332   0.62901   0.64754   0.67891   0.71556   0.88213
 kpt#  34, nband= 15, wtk=  0.01563, kpt=  0.2775  0.0525 -0.4225 (reduced coord)
  -0.11231  -0.03169   0.07533   0.13444   0.28195   0.39880   0.41901   0.45185
   0.53479   0.59442   0.67769   0.69284   0.74668   0.86414   0.87281
 kpt#  35, nband= 15, wtk=  0.01563, kpt= -0.4725  0.0525 -0.4225 (reduced coord)
  -0.08498  -0.05514   0.10637   0.10750   0.24652   0.25293   0.55652   0.57542
   0.61044   0.63103   0.67178   0.70196   0.70495   0.73584   0.86919
 kpt#  36, nband= 15, wtk=  0.01563, kpt= -0.2225  0.0525 -0.4225 (reduced coord)
  -0.13758   0.00215   0.09558   0.13183   0.27666   0.35221   0.41404   0.45773
   0.60535   0.61131   0.66316   0.66800   0.71414   0.78607   0.84646
 kpt#  37, nband= 15, wtk=  0.01563, kpt=  0.0275  0.3025 -0.4225 (reduced coord)
  -0.10445  -0.03469   0.06578   0.13215   0.26880   0.39098   0.44016   0.46593
   0.54245   0.57431   0.70916   0.71524   0.74517   0.85339   0.87376
 kpt#  38, nband= 15, wtk=  0.01563, kpt=  0.2775  0.3025 -0.4225 (reduced coord)
  -0.12709  -0.00897   0.06108   0.15318   0.29154   0.41328   0.44082   0.45086
   0.48542   0.51245   0.70918   0.72869   0.77029   0.82145   0.85187
 kpt#  39, nband= 15, wtk=  0.01563, kpt= -0.4725  0.3025 -0.4225 (reduced coord)
  -0.11244  -0.03191   0.07553   0.13519   0.28160   0.39930   0.42055   0.44983
   0.53512   0.59205   0.67762   0.69361   0.74609   0.86218   0.87338
 kpt#  40, nband= 15, wtk=  0.01563, kpt= -0.2225  0.3025 -0.4225 (reduced coord)
  -0.08434  -0.04599   0.06263   0.09137   0.35351   0.37114   0.40485   0.42791
   0.56185   0.62458   0.67949   0.74218   0.78077   0.83982   0.87242
 kpt#  41, nband= 15, wtk=  0.01563, kpt=  0.0275 -0.4475 -0.4225 (reduced coord)
  -0.09916  -0.04035   0.11143   0.11206   0.23796   0.25121   0.55738   0.56471
   0.64186   0.64871   0.65380   0.66804   0.71626   0.73166   0.85950
 kpt#  42, nband= 15, wtk=  0.01563, kpt=  0.2775 -0.4475 -0.4225 (reduced coord)
  -0.10459  -0.03475   0.06571   0.13274   0.26877   0.39282   0.44036   0.46376
   0.54277   0.57185   0.70859   0.71670   0.74464   0.85567   0.87259
 kpt#  43, nband= 15, wtk=  0.01563, kpt= -0.4725 -0.4475 -0.4225 (reduced coord)
  -0.14276  -0.03302   0.16675   0.17348   0.27995   0.33872   0.34456   0.49899
   0.56224   0.59153   0.62716   0.64943   0.68034   0.71519   0.88053
 kpt#  44, nband= 15, wtk=  0.01563, kpt= -0.2225 -0.4475 -0.4225 (reduced coord)
  -0.14576   0.00580   0.10795   0.14069   0.27937   0.37361   0.40059   0.42585
   0.60053   0.61101   0.64058   0.66441   0.70261   0.79053   0.84436
 kpt#  45, nband= 15, wtk=  0.01563, kpt=  0.0275 -0.1975 -0.4225 (reduced coord)
  -0.14546   0.00507   0.10786   0.14087   0.28009   0.37531   0.39887   0.42561
   0.59931   0.61045   0.64264   0.66318   0.70238   0.79135   0.84576
 kpt#  46, nband= 15, wtk=  0.01563, kpt=  0.2775 -0.1975 -0.4225 (reduced coord)
  -0.08420  -0.04614   0.06250   0.09149   0.35201   0.37267   0.40634   0.42641
   0.56184   0.62423   0.67978   0.74230   0.78092   0.83970   0.87295
 kpt#  47, nband= 15, wtk=  0.01563, kpt= -0.4725 -0.1975 -0.4225 (reduced coord)
  -0.13786   0.00273   0.09591   0.13182   0.27560   0.35051   0.41611   0.45781
   0.60700   0.61237   0.66355   0.66584   0.71452   0.78554   0.84491
 kpt#  48, nband= 15, wtk=  0.01563, kpt= -0.2225 -0.1975 -0.4225 (reduced coord)
  -0.16946   0.04374   0.09834   0.18175   0.32137   0.36283   0.38943   0.41995
   0.45473   0.60580   0.63218   0.66265   0.71795   0.77534   0.85163
 kpt#  49, nband= 15, wtk=  0.01563, kpt=  0.0275  0.0525 -0.1725 (reduced coord)
  -0.20554   0.10689   0.18534   0.20023   0.30398   0.33282   0.35017   0.43041
   0.47000   0.49651   0.55154   0.61733   0.70891   0.73873   0.87422
 kpt#  50, nband= 15, wtk=  0.01563, kpt=  0.2775  0.0525 -0.1725 (reduced coord)
  -0.16138   0.02988   0.09443   0.17248   0.32304   0.35493   0.40395   0.41538
   0.47825   0.59660   0.65293   0.67007   0.71822   0.79593   0.83442
 kpt#  51, nband= 15, wtk=  0.01563, kpt= -0.4725  0.0525 -0.1725 (reduced coord)
  -0.12898  -0.02235   0.09907   0.14267   0.29083   0.37361   0.41980   0.42545
   0.56380   0.61203   0.64325   0.67313   0.70136   0.83298   0.86814
 kpt#  52, nband= 15, wtk=  0.01563, kpt= -0.2225  0.0525 -0.1725 (reduced coord)
  -0.19158   0.09807   0.14791   0.16136   0.27266   0.35002   0.39928   0.41120
   0.50130   0.54364   0.60926   0.66485   0.69146   0.73908   0.84917
 kpt#  53, nband= 15, wtk=  0.01563, kpt=  0.0275  0.3025 -0.1725 (reduced coord)
  -0.15462   0.01412   0.09577   0.17220   0.31251   0.36524   0.39082   0.44503
   0.47920   0.57984   0.65360   0.67666   0.73624   0.81028   0.83091
 kpt#  54, nband= 15, wtk=  0.01563, kpt=  0.2775  0.3025 -0.1725 (reduced coord)
  -0.12875  -0.00481   0.09029   0.12696   0.26161   0.32700   0.45349   0.47556
   0.61828   0.63785   0.65216   0.66691   0.72822   0.79002   0.83750
 kpt#  55, nband= 15, wtk=  0.01563, kpt= -0.4725  0.3025 -0.1725 (reduced coord)
  -0.07180  -0.05870   0.06815   0.08546   0.32650   0.35697   0.43474   0.43868
   0.59133   0.61704   0.68739   0.71651   0.81111   0.83541   0.87312
 kpt#  56, nband= 15, wtk=  0.01563, kpt= -0.2225  0.3025 -0.1725 (reduced coord)
  -0.12888  -0.02295   0.09957   0.14321   0.29046   0.37373   0.41799   0.42727
   0.56369   0.61122   0.64412   0.67148   0.70079   0.83308   0.86850
 kpt#  57, nband= 15, wtk=  0.01563, kpt=  0.0275 -0.4475 -0.1725 (reduced coord)
  -0.14024  -0.00989   0.11118   0.14610   0.28693   0.37875   0.40758   0.41165
   0.57959   0.61835   0.64497   0.65662   0.68496   0.81395   0.87440
 kpt#  58, nband= 15, wtk=  0.01563, kpt=  0.2775 -0.4475 -0.1725 (reduced coord)
  -0.08017  -0.05007   0.06158   0.09193   0.33299   0.38811   0.41727   0.41900
   0.57055   0.61277   0.69140   0.73688   0.79073   0.82937   0.88525
 kpt#  59, nband= 15, wtk=  0.01563, kpt= -0.4725 -0.4475 -0.1725 (reduced coord)
  -0.12984  -0.00361   0.09103   0.12733   0.26204   0.32758   0.45194   0.47400
   0.61929   0.63633   0.65337   0.66497   0.72714   0.78914   0.83743
 kpt#  60, nband= 15, wtk=  0.01563, kpt= -0.2225 -0.4475 -0.1725 (reduced coord)
  -0.16212   0.03082   0.09511   0.17342   0.32270   0.35543   0.40246   0.41604
   0.47638   0.59715   0.65125   0.66929   0.71818   0.79443   0.83584
 kpt#  61, nband= 15, wtk=  0.01563, kpt=  0.0275 -0.1975 -0.1725 (reduced coord)
  -0.19955   0.11968   0.16097   0.16547   0.27179   0.35984   0.39447   0.39696
   0.47895   0.53557   0.59091   0.66468   0.67507   0.70755   0.89668
 kpt#  62, nband= 15, wtk=  0.01563, kpt=  0.2775 -0.1975 -0.1725 (reduced coord)
  -0.14002  -0.01064   0.11161   0.14645   0.28688   0.37853   0.40609   0.41342
   0.57876   0.61988   0.64448   0.65587   0.68355   0.81513   0.87384
 kpt#  63, nband= 15, wtk=  0.01563, kpt= -0.4725 -0.1975 -0.1725 (reduced coord)
  -0.15532   0.01496   0.09646   0.17292   0.31250   0.36579   0.38903   0.44590
   0.47723   0.58063   0.65371   0.67462   0.73553   0.81047   0.83058
 kpt#  64, nband= 15, wtk=  0.01563, kpt= -0.2225 -0.1975 -0.1725 (reduced coord)
  -0.20594   0.10806   0.18612   0.20071   0.30369   0.33301   0.34927   0.43034
   0.46987   0.49561   0.55105   0.61634   0.70832   0.73704   0.87231
