 Eigenvalues (hartree) for nkpt=   8  k points:
 kpt#   1, nband=105, wtk=  0.01563, kpt=  0.0000  0.0000  0.0000 (reduced coord)
  -0.22563   0.21899   0.21899   0.21899   0.31120   0.31120   0.31120   0.33856
   0.49984   0.50855   0.50855   0.62896   0.62896   0.62896   0.77142   1.07763
   1.07763   1.07763   1.12008   1.12008   1.15495   1.15495   1.15495   1.30561
   1.30561   1.30561   1.50169   1.52317   1.52317   1.52317   1.66522   1.66522
   1.72420   1.72420   1.74280   1.74280   1.74280   1.79963   1.83986   1.83986
   1.83986   1.85443   1.88136   1.88136   1.88136   1.89049   1.89049   1.89049
   1.93781   1.93781   1.93781   2.08383   2.11896   2.11896   2.11896   2.12224
   2.12224   2.12224   2.13958   2.68744   2.68744   2.69012   2.79363   2.79363
   2.79363   2.79832   2.92038   2.92038   2.92038   2.94464   2.94464   2.94688
   2.94688   2.94688   3.03059   3.09843   3.09843   3.09843   3.24489   3.24489
   3.24489   3.29953   3.29953   3.29953   3.30200   3.30200   3.30200   3.30875
   3.30875   3.43923   3.43923   3.45768   3.45768   3.45768   3.47532   3.57017
   3.57017   3.57017   3.61191   3.61191   3.61191   3.61872   3.61872   3.61872
   3.63999
 kpt#   2, nband=105, wtk=  0.12500, kpt=  0.2500  0.0000  0.0000 (reduced coord)
  -0.19573   0.07221   0.19021   0.19021   0.29027   0.34634   0.34634   0.46820
   0.48535   0.48535   0.54079   0.64689   0.75962   0.75962   0.87634   0.87836
   0.87836   0.94638   1.11399   1.11399   1.19326   1.19326   1.24720   1.28294
   1.33229   1.39651   1.39651   1.45876   1.45876   1.49540   1.49540   1.59272
   1.62601   1.63516   1.63516   1.67819   1.69454   1.73896   1.73896   1.76845
   1.83704   1.83704   1.84495   1.95497   1.95497   2.04459   2.04459   2.04579
   2.05441   2.10719   2.10719   2.13107   2.22778   2.32338   2.33865   2.33865
   2.35182   2.35182   2.43024   2.43024   2.45035   2.45583   2.54132   2.54132
   2.62511   2.69772   2.69772   2.70098   2.84397   2.84397   2.90649   2.94677
   3.01593   3.03446   3.03446   3.05197   3.05197   3.10775   3.13356   3.13356
   3.14574   3.16188   3.16188   3.21442   3.24531   3.24531   3.33014   3.33980
   3.33980   3.34490   3.40473   3.40473   3.41296   3.52876   3.52876   3.54393
   3.54393   3.56257   3.56639   3.63688   3.63688   3.65171   3.69609   3.69610
   3.75070
 kpt#   3, nband=105, wtk=  0.06250, kpt=  0.5000  0.0000  0.0000 (reduced coord)
  -0.13794  -0.04161   0.17394   0.17394   0.27243   0.34008   0.34008   0.49456
   0.61385   0.61385   0.62982   0.63673   0.63673   0.68658   0.93111   0.94947
   1.02163   1.02163   1.02914   1.02914   1.16228   1.20140   1.20140   1.22584
   1.22584   1.25273   1.37395   1.40861   1.40861   1.41650   1.43667   1.43667
   1.53436   1.56762   1.73457   1.73457   1.76465   1.78685   1.78685   1.80720
   1.90331   1.97084   1.97084   2.01933   2.01933   2.05656   2.17523   2.17523
   2.18781   2.20415   2.20415   2.21133   2.29911   2.29911   2.31590   2.37902
   2.37902   2.41299   2.43789   2.43789   2.51523   2.51523   2.57860   2.59884
   2.62352   2.63537   2.67461   2.67461   2.71589   2.71589   2.72323   2.75987
   2.89582   2.89582   2.90495   2.90989   2.90989   2.99592   2.99592   3.06491
   3.06491   3.07349   3.08240   3.26231   3.26231   3.29057   3.32502   3.33026
   3.33026   3.37067   3.45917   3.48326   3.48326   3.54882   3.54882   3.56497
   3.57069   3.57069   3.63441   3.65119   3.65119   3.66899   3.68956   3.70218
   3.70495
 kpt#   4, nband=105, wtk=  0.09375, kpt=  0.2500  0.2500  0.0000 (reduced coord)
  -0.18523   0.08887   0.14751   0.14751   0.25598   0.33004   0.43024   0.43024
   0.51122   0.55209   0.62976   0.69690   0.69690   0.72029   0.85827   0.85827
   0.90159   0.95935   0.98825   1.13866   1.18780   1.22415   1.22415   1.30312
   1.30312   1.31716   1.32720   1.49374   1.50766   1.53317   1.53317   1.59432
   1.59432   1.59648   1.64483   1.66684   1.72549   1.72549   1.75270   1.83108
   1.83108   1.84805   1.86719   1.94321   1.95545   1.95545   1.99403   2.03971
   2.09288   2.10336   2.10690   2.10690   2.22130   2.30470   2.34321   2.34321
   2.47793   2.48782   2.50221   2.50221   2.54668   2.55520   2.56208   2.56208
   2.60931   2.68760   2.70004   2.71952   2.71952   2.80720   2.84330   2.84330
   2.85477   2.93671   2.93671   2.96192   2.98642   2.99073   3.06550   3.08849
   3.08849   3.16410   3.22011   3.22011   3.22730   3.27592   3.34070   3.34070
   3.39082   3.43995   3.43995   3.44426   3.50698   3.53879   3.53879   3.56845
   3.58607   3.60446   3.60446   3.60818   3.67491   3.68569   3.72080   3.72169
   3.72229
 kpt#   5, nband=105, wtk=  0.37500, kpt=  0.5000  0.2500  0.0000 (reduced coord)
  -0.12386  -0.01818   0.08544   0.13585   0.27036   0.38006   0.42814   0.43634
   0.59136   0.61029   0.67084   0.68257   0.69112   0.83611   0.87618   0.90332
   0.93256   0.93892   0.95101   1.05719   1.09826   1.14771   1.15501   1.23509
   1.29167   1.30307   1.30325   1.34920   1.40250   1.48440   1.50115   1.55462
   1.57110   1.60413   1.64373   1.70630   1.78379   1.81806   1.86799   1.86924
   1.88977   1.91981   1.93173   1.97759   2.01590   2.01901   2.04806   2.09310
   2.12852   2.16092   2.21359   2.25485   2.27450   2.36483   2.36785   2.37625
   2.44376   2.45873   2.47164   2.50259   2.52965   2.55433   2.55589   2.60250
   2.61029   2.64619   2.66905   2.68901   2.74743   2.74852   2.76710   2.79693
   2.84350   2.85601   2.91281   2.91395   2.92091   2.99842   3.00661   3.06674
   3.08891   3.10642   3.12148   3.16861   3.17265   3.25075   3.25458   3.25987
   3.28996   3.32442   3.35704   3.38298   3.42389   3.45672   3.49336   3.53284
   3.55521   3.55533   3.56983   3.60521   3.61704   3.62345   3.64589   3.65694
   3.67976
 kpt#   6, nband=105, wtk=  0.18750, kpt= -0.2500  0.2500  0.0000 (reduced coord)
  -0.14913   0.01562   0.07691   0.16892   0.30556   0.39378   0.40634   0.44077
   0.45773   0.57112   0.67888   0.70641   0.70876   0.82949   0.85593   0.85847
   0.91046   1.00026   1.02042   1.10365   1.12454   1.15689   1.19783   1.21644
   1.22818   1.29649   1.34246   1.36657   1.47707   1.49405   1.54170   1.57671
   1.59862   1.60243   1.62369   1.64090   1.65261   1.73135   1.82341   1.84402
   1.86684   1.93182   2.00893   2.03351   2.07142   2.07557   2.08676   2.09313
   2.12937   2.14486   2.19102   2.24913   2.26799   2.29129   2.33667   2.34079
   2.36258   2.43652   2.44365   2.48099   2.49385   2.50214   2.59283   2.60379
   2.61092   2.66232   2.69391   2.72389   2.72761   2.74965   2.81478   2.85433
   2.87194   2.89423   2.89880   2.96287   2.97544   2.98558   3.02300   3.05269
   3.08219   3.08456   3.10482   3.17170   3.17746   3.22883   3.27826   3.30995
   3.33367   3.33649   3.37125   3.42199   3.44717   3.48803   3.53481   3.55227
   3.58665   3.58883   3.61432   3.61581   3.62658   3.73805   3.74995   3.77689
   3.78636
 kpt#   7, nband=105, wtk=  0.04688, kpt=  0.5000  0.5000  0.0000 (reduced coord)
  -0.07091  -0.07091   0.11156   0.11156   0.23972   0.23972   0.58734   0.58734
   0.62885   0.62885   0.68567   0.68567   0.68978   0.68978   0.91381   0.91381
   0.94070   0.94070   0.96363   0.96363   0.99616   0.99616   1.16663   1.16663
   1.30497   1.30497   1.47023   1.47023   1.47407   1.47407   1.54950   1.54950
   1.57185   1.57185   1.68014   1.68014   1.72234   1.72234   1.75413   1.75413
   1.89195   1.89195   2.02135   2.02135   2.04025   2.04025   2.09713   2.09713
   2.23958   2.23958   2.31076   2.31076   2.31925   2.31925   2.32045   2.32045
   2.34855   2.34855   2.44073   2.44073   2.47993   2.47993   2.48740   2.48740
   2.77804   2.77804   2.79247   2.79247   2.80341   2.80341   2.89417   2.89417
   2.90466   2.90466   2.92263   2.92263   2.99761   2.99761   3.01923   3.01923
   3.03205   3.03205   3.04920   3.04920   3.12815   3.12815   3.12971   3.12971
   3.23880   3.23880   3.24184   3.24184   3.34634   3.34634   3.52075   3.52075
   3.57485   3.57485   3.61101   3.61101   3.61846   3.61846   3.68539   3.68539
   3.72939
 kpt#   8, nband=105, wtk=  0.09375, kpt= -0.2500  0.5000  0.2500 (reduced coord)
  -0.06442  -0.06442   0.07299   0.07299   0.37348   0.37348   0.40079   0.40079
   0.60943   0.60943   0.69868   0.69868   0.82294   0.82294   0.89576   0.89576
   0.91673   0.91673   0.95471   0.95471   1.08992   1.08992   1.23469   1.23469
   1.23727   1.23727   1.27476   1.27476   1.43627   1.43627   1.56847   1.56847
   1.62212   1.62212   1.70475   1.70475   1.81554   1.81554   1.83509   1.83509
   1.93289   1.93289   1.97007   1.97007   2.01802   2.01802   2.05868   2.05868
   2.25056   2.25056   2.27086   2.27086   2.29289   2.29289   2.31968   2.31968
   2.44349   2.44349   2.44609   2.44609   2.55028   2.55028   2.58499   2.58499
   2.61595   2.61595   2.61755   2.61755   2.82418   2.82418   2.83247   2.83247
   2.92430   2.92430   2.99137   2.99137   3.00078   3.00078   3.03058   3.03058
   3.04867   3.04867   3.05519   3.05519   3.22506   3.22506   3.24154   3.24154
   3.24899   3.24899   3.28374   3.28374   3.41704   3.41704   3.47932   3.47932
   3.48919   3.48919   3.49401   3.49401   3.56672   3.56672   3.61975   3.61975
   3.73391
