-0.226   0.219   0.219   0.219   0.311   0.311   0.311   0.339
 0.500   0.509   0.509   0.629   0.629   0.629   0.771   1.078
 1.078   1.078   1.120   1.120   1.155   1.155   1.155   1.306
 1.306   1.306   1.502   1.523   1.523   1.523   1.665   1.665
 1.724   1.724   1.743   1.743   1.743   1.800   1.840   1.840
 1.840   1.854   1.881   1.881   1.881   1.890   1.890   1.890
 1.938   1.938   1.938   2.084   2.119   2.119   2.119   2.122
 2.122   2.122   2.140   2.687   2.687   2.690   2.794   2.794
 2.794   2.798   2.920   2.920   2.920   2.945   2.945   2.947
 2.947   2.947   3.031   3.098   3.098   3.098   3.245   3.245
 3.245   3.300   3.300   3.300   3.302   3.302   3.302   3.309
 3.309   3.439   3.439   3.458   3.458   3.458   3.475   3.570
 3.570   3.570   3.612   3.612   3.612   3.619   3.619   3.619
 3.640
-0.196   0.072   0.190   0.190   0.290   0.346   0.346   0.468
 0.485   0.485   0.541   0.647   0.760   0.760   0.876   0.878
 0.878   0.946   1.114   1.114   1.193   1.193   1.247   1.283
 1.332   1.397   1.397   1.459   1.459   1.495   1.495   1.593
 1.626   1.635   1.635   1.678   1.695   1.739   1.739   1.768
 1.837   1.837   1.845   1.955   1.955   2.045   2.045   2.046
 2.054   2.107   2.107   2.131   2.228   2.323   2.339   2.339
 2.352   2.352   2.430   2.430   2.450   2.456   2.541   2.541
 2.625   2.698   2.698   2.701   2.844   2.844   2.906   2.947
 3.016   3.034   3.034   3.052   3.052   3.108   3.134   3.134
 3.146   3.162   3.162   3.214   3.245   3.245   3.330   3.340
 3.340   3.345   3.405   3.405   3.413   3.529   3.529   3.544
 3.544   3.563   3.566   3.637   3.637   3.652   3.696   3.696
 3.751
-0.138  -0.042   0.174   0.174   0.272   0.340   0.340   0.495
 0.614   0.614   0.630   0.637   0.637   0.687   0.931   0.949
 1.022   1.022   1.029   1.029   1.162   1.201   1.201   1.226
 1.226   1.253   1.374   1.409   1.409   1.417   1.437   1.437
 1.534   1.568   1.735   1.735   1.765   1.787   1.787   1.807
 1.903   1.971   1.971   2.019   2.019   2.057   2.175   2.175
 2.188   2.204   2.204   2.211   2.299   2.299   2.316   2.379
 2.379   2.413   2.438   2.438   2.515   2.515   2.579   2.599
 2.624   2.635   2.675   2.675   2.716   2.716   2.723   2.760
 2.896   2.896   2.905   2.910   2.910   2.996   2.996   3.065
 3.065   3.073   3.082   3.262   3.262   3.291   3.325   3.330
 3.330   3.371   3.459   3.483   3.483   3.549   3.549   3.565
 3.571   3.571   3.634   3.651   3.651   3.669   3.690   3.702
 3.705
-0.185   0.089   0.148   0.148   0.256   0.330   0.430   0.430
 0.511   0.552   0.630   0.697   0.697   0.720   0.858   0.858
 0.902   0.959   0.988   1.139   1.188   1.224   1.224   1.303
 1.303   1.317   1.327   1.494   1.508   1.533   1.533   1.594
 1.594   1.596   1.645   1.667   1.725   1.725   1.753   1.831
 1.831   1.848   1.867   1.943   1.955   1.955   1.994   2.040
 2.093   2.103   2.107   2.107   2.221   2.305   2.343   2.343
 2.478   2.488   2.502   2.502   2.547   2.555   2.562   2.562
 2.609   2.688   2.700   2.720   2.720   2.807   2.843   2.843
 2.855   2.937   2.937   2.962   2.986   2.991   3.066   3.088
 3.088   3.164   3.220   3.220   3.227   3.276   3.341   3.341
 3.391   3.440   3.440   3.444   3.507   3.539   3.539   3.568
 3.586   3.604   3.604   3.608   3.675   3.686   3.721   3.722
 3.722
-0.124  -0.018   0.085   0.136   0.270   0.380   0.428   0.436
 0.591   0.610   0.671   0.683   0.691   0.836   0.876   0.903
 0.933   0.939   0.951   1.057   1.098   1.148   1.155   1.235
 1.292   1.303   1.303   1.349   1.403   1.484   1.501   1.555
 1.571   1.604   1.644   1.706   1.784   1.818   1.868   1.869
 1.890   1.920   1.932   1.978   2.016   2.019   2.048   2.093
 2.129   2.161   2.214   2.255   2.275   2.365   2.368   2.376
 2.444   2.459   2.472   2.503   2.530   2.554   2.556   2.603
 2.610   2.646   2.669   2.689   2.747   2.749   2.767   2.797
 2.844   2.856   2.913   2.914   2.921   2.998   3.007   3.067
 3.089   3.106   3.121   3.169   3.173   3.251   3.255   3.260
 3.290   3.324   3.357   3.383   3.424   3.457   3.493   3.533
 3.555   3.555   3.570   3.605   3.617   3.623   3.646   3.657
 3.680
-0.149   0.016   0.077   0.169   0.306   0.394   0.406   0.441
 0.458   0.571   0.679   0.706   0.709   0.829   0.856   0.858
 0.910   1.000   1.020   1.104   1.125   1.157   1.198   1.216
 1.228   1.296   1.342   1.367   1.477   1.494   1.542   1.577
 1.599   1.602   1.624   1.641   1.653   1.731   1.823   1.844
 1.867   1.932   2.009   2.034   2.071   2.076   2.087   2.093
 2.129   2.145   2.191   2.249   2.268   2.291   2.337   2.341
 2.363   2.437   2.444   2.481   2.494   2.502   2.593   2.604
 2.611   2.662   2.694   2.724   2.728   2.750   2.815   2.854
 2.872   2.894   2.899   2.963   2.975   2.986   3.023   3.053
 3.082   3.085   3.105   3.172   3.177   3.229   3.278   3.310
 3.334   3.336   3.371   3.422   3.447   3.488   3.535   3.552
 3.587   3.589   3.614   3.616   3.627   3.738   3.750   3.777
 3.786
-0.071  -0.071   0.112   0.112   0.240   0.240   0.587   0.587
 0.629   0.629   0.686   0.686   0.690   0.690   0.914   0.914
 0.941   0.941   0.964   0.964   0.996   0.996   1.167   1.167
 1.305   1.305   1.470   1.470   1.474   1.474   1.550   1.550
 1.572   1.572   1.680   1.680   1.722   1.722   1.754   1.754
 1.892   1.892   2.021   2.021   2.040   2.040   2.097   2.097
 2.240   2.240   2.311   2.311   2.319   2.319   2.320   2.320
 2.349   2.349   2.441   2.441   2.480   2.480   2.487   2.487
 2.778   2.778   2.792   2.792   2.803   2.803   2.894   2.894
 2.905   2.905   2.923   2.923   2.998   2.998   3.019   3.019
 3.032   3.032   3.049   3.049   3.128   3.128   3.130   3.130
 3.239   3.239   3.242   3.242   3.346   3.346   3.521   3.521
 3.575   3.575   3.611   3.611   3.618   3.618   3.685   3.685
 3.729
-0.064  -0.064   0.073   0.073   0.373   0.373   0.401   0.401
 0.609   0.609   0.699   0.699   0.823   0.823   0.896   0.896
 0.917   0.917   0.955   0.955   1.090   1.090   1.235   1.235
 1.237   1.237   1.275   1.275   1.436   1.436   1.568   1.568
 1.622   1.622   1.705   1.705   1.816   1.816   1.835   1.835
 1.933   1.933   1.970   1.970   2.018   2.018   2.059   2.059
 2.251   2.251   2.271   2.271   2.293   2.293   2.320   2.320
 2.443   2.443   2.446   2.446   2.550   2.550   2.585   2.585
 2.616   2.616   2.618   2.618   2.824   2.824   2.832   2.832
 2.924   2.924   2.991   2.991   3.001   3.001   3.031   3.031
 3.049   3.049   3.055   3.055   3.225   3.225   3.242   3.242
 3.249   3.249   3.284   3.284   3.417   3.417   3.479   3.479
 3.489   3.489   3.494   3.494   3.567   3.567   3.620   3.620
 3.734
