
 **** DERIVATIVE DATABASE ****    
+DDB, Version number    100401

  Note : temporary (transfer) database                                                                                                                                                                                                                                   

    usepaw         0
     natom         4
      nkpt         1
    nsppol         2
      nsym        24
    ntypat         1
    occopt         7
     nband        40
     acell  0.70000000000000D+01  0.70000000000000D+01  0.70000000000000D+01
       amu  0.55847000000000D+02
   dilatmx  0.10000000000000D+01
      ecut  0.30000000000000D+02
    ecutsm  0.00000000000000D+00
     intxc         0
      iscf         7
       ixc         1
       kpt  0.25000000000000D+00  0.25000000000000D+00  0.25000000000000D+00
    kptnrm  0.10000000000000D+01
     ngfft        36   36   36
    nspden         2
   nspinor         1
       occ  0.10000000000000D+01  0.99999999999781D+00  0.99999999999629D+00
            0.99999999999629D+00  0.99999999962657D+00  0.99999999952394D+00
            0.99999999952394D+00  0.99999915418661D+00  0.99999886181170D+00
            0.99999886181170D+00  0.99999773302836D+00  0.99999058258124D+00
            0.99999058258124D+00  0.99995799265369D+00  0.99994871797872D+00
            0.99994871797856D+00  0.99961736957478D+00  0.99961736957273D+00
            0.99346493912845D+00  0.99346493912302D+00  0.98830960992815D+00
            0.86725515845403D-01  0.78117157363041D-01  0.78117157279280D-01
            0.00000000000000D+00  0.00000000000000D+00  0.00000000000000D+00
            0.00000000000000D+00  0.00000000000000D+00  0.00000000000000D+00
            0.00000000000000D+00  0.00000000000000D+00  0.00000000000000D+00
            0.00000000000000D+00  0.00000000000000D+00  0.00000000000000D+00
            0.00000000000000D+00  0.00000000000000D+00  0.00000000000000D+00
            0.00000000000000D+00
     rprim  0.10000000000000D+01  0.00000000000000D+00  0.00000000000000D+00
            0.00000000000000D+00  0.10000000000000D+01  0.00000000000000D+00
            0.00000000000000D+00  0.00000000000000D+00  0.10000000000000D+01
     sciss  0.00000000000000D+00
    spinat  0.00000000000000D+00  0.00000000000000D+00  0.30000000000000D+01
            0.00000000000000D+00  0.00000000000000D+00  0.30000000000000D+01
            0.00000000000000D+00  0.00000000000000D+00  0.30000000000000D+01
            0.00000000000000D+00  0.00000000000000D+00  0.30000000000000D+01
    symafm         1    1    1    1    1    1    1    1    1    1    1    1
                   1    1    1    1    1    1    1    1    1    1    1    1
    symrel         1    0    0    0    1    0    0    0    1
                  -1    0    0    0    1    0    0    0   -1
                  -1    0    0    0   -1    0    0    0    1
                   1    0    0    0   -1    0    0    0   -1
                   0    1    0    1    0    0    0    0    1
                   0   -1    0    1    0    0    0    0   -1
                   0   -1    0   -1    0    0    0    0    1
                   0    1    0   -1    0    0    0    0   -1
                   0    0    1    1    0    0    0    1    0
                   0    0   -1    1    0    0    0   -1    0
                   0    0   -1   -1    0    0    0    1    0
                   0    0    1   -1    0    0    0   -1    0
                   1    0    0    0    0    1    0    1    0
                  -1    0    0    0    0    1    0   -1    0
                  -1    0    0    0    0   -1    0    1    0
                   1    0    0    0    0   -1    0   -1    0
                   0    1    0    0    0    1    1    0    0
                   0   -1    0    0    0    1   -1    0    0
                   0   -1    0    0    0   -1    1    0    0
                   0    1    0    0    0   -1   -1    0    0
                   0    0    1    0    1    0    1    0    0
                   0    0   -1    0    1    0   -1    0    0
                   0    0   -1    0   -1    0    1    0    0
                   0    0    1    0   -1    0   -1    0    0
     tnons  0.00000000000000D+00  0.00000000000000D+00  0.00000000000000D+00
            0.50000000000000D+00  0.00000000000000D+00  0.50000000000000D+00
            0.50000000000000D+00  0.50000000000000D+00  0.00000000000000D+00
            0.00000000000000D+00  0.50000000000000D+00  0.50000000000000D+00
            0.00000000000000D+00  0.00000000000000D+00  0.00000000000000D+00
            0.00000000000000D+00  0.50000000000000D+00  0.50000000000000D+00
            0.50000000000000D+00  0.50000000000000D+00  0.00000000000000D+00
            0.50000000000000D+00  0.00000000000000D+00  0.50000000000000D+00
            0.00000000000000D+00  0.00000000000000D+00  0.00000000000000D+00
            0.00000000000000D+00  0.50000000000000D+00  0.50000000000000D+00
            0.50000000000000D+00  0.00000000000000D+00  0.50000000000000D+00
            0.50000000000000D+00  0.50000000000000D+00  0.00000000000000D+00
            0.00000000000000D+00  0.00000000000000D+00  0.00000000000000D+00
            0.50000000000000D+00  0.50000000000000D+00  0.00000000000000D+00
            0.50000000000000D+00  0.00000000000000D+00  0.50000000000000D+00
            0.00000000000000D+00  0.50000000000000D+00  0.50000000000000D+00
            0.00000000000000D+00  0.00000000000000D+00  0.00000000000000D+00
            0.50000000000000D+00  0.50000000000000D+00  0.00000000000000D+00
            0.00000000000000D+00  0.50000000000000D+00  0.50000000000000D+00
            0.50000000000000D+00  0.00000000000000D+00  0.50000000000000D+00
            0.00000000000000D+00  0.00000000000000D+00  0.00000000000000D+00
            0.50000000000000D+00  0.00000000000000D+00  0.50000000000000D+00
            0.00000000000000D+00  0.50000000000000D+00  0.50000000000000D+00
            0.50000000000000D+00  0.50000000000000D+00  0.00000000000000D+00
    tolwfr  0.10000000000000D+01
   tphysel  0.00000000000000D+00
    tsmear  0.40000000000000D-01
     typat         1    1    1    1
       wtk  0.10000000000000D+01
      xred  0.10000000000000D-01  0.10000000000000D-01  0.10000000000000D-01
            0.49000000000000D+00  0.49000000000000D+00  0.10000000000000D-01
            0.49000000000000D+00  0.10000000000000D-01  0.49000000000000D+00
            0.10000000000000D-01  0.49000000000000D+00  0.49000000000000D+00
     znucl  0.26000000000000D+02
      zion  0.80000000000000D+01
 
 No information on the potentials yet 
 
 **** Database of total energy derivatives ****
 Number of data blocks=    2
  
 Total energy                 - # elements :       1
 -0.80082004277437D+02  0.00000000000000D+00
  
 1st derivatives              - # elements :      18
   1   1  0.41184826182943D-01  0.00000000000000D+00
   2   1  0.41184826182943D-01  0.00000000000000D+00
   3   1  0.41184826182943D-01  0.00000000000000D+00
   1   2 -0.41184826182943D-01  0.00000000000000D+00
   2   2 -0.41184826182943D-01  0.00000000000000D+00
   3   2  0.41184826182943D-01  0.00000000000000D+00
   1   3 -0.41184826182943D-01  0.00000000000000D+00
   2   3  0.41184826182943D-01  0.00000000000000D+00
   3   3 -0.41184826182943D-01  0.00000000000000D+00
   1   4  0.41184826182943D-01  0.00000000000000D+00
   2   4 -0.41184826182943D-01  0.00000000000000D+00
   3   4 -0.41184826182943D-01  0.00000000000000D+00
   1   7  0.24432692353728D-01  0.00000000000000D+00
   2   7  0.24432692353728D-01  0.00000000000000D+00
   3   7  0.24432692353728D-01  0.00000000000000D+00
   1   8  0.00000000000000D+00  0.00000000000000D+00
   2   8  0.00000000000000D+00  0.00000000000000D+00
   3   8  0.00000000000000D+00  0.00000000000000D+00
