-0.223  -0.198  -0.157  -0.100  -0.033   0.052   0.103   0.219
 0.266   0.270   0.290   0.326
-0.138  -0.113  -0.072  -0.017   0.027   0.047   0.055   0.092
 0.134   0.145   0.184   0.212
-0.181  -0.155  -0.114  -0.058   0.009   0.092   0.143   0.147
 0.171   0.210   0.260   0.263
-0.055  -0.055  -0.030  -0.030   0.010   0.010   0.065   0.065
 0.131   0.131   0.214   0.214
-0.096  -0.072  -0.031   0.024   0.066   0.086   0.094   0.130
 0.173   0.183   0.223   0.238
 0.026   0.026   0.050   0.050   0.090   0.090   0.143   0.143
 0.197   0.197   0.206   0.206
