
 **** DERIVATIVE DATABASE ****    
+DDB, Version number    100401

  Note : temporary (transfer) database                                                                                                                                                                                                                                   

    usepaw         0
     natom         6
      nkpt         6
    nsppol         1
      nsym        16
    ntypat         1
    occopt         4
     nband        12
     acell  0.75055909000000D+01  0.75055909000000D+01  0.75055909000000D+01
       amu  0.26981539000000D+02
   dilatmx  0.10000000000000D+01
      ecut  0.60000000000000D+01
    ecutsm  0.00000000000000D+00
     intxc         0
      iscf         7
       ixc         1
       kpt  0.00000000000000D+00  0.12500000000000D+00  0.00000000000000D+00
            0.00000000000000D+00  0.37500000000000D+00  0.00000000000000D+00
            0.12500000000000D+00  0.25000000000000D+00  0.00000000000000D+00
            0.12500000000000D+00  0.50000000000000D+00  0.00000000000000D+00
            0.25000000000000D+00  0.37500000000000D+00  0.00000000000000D+00
            0.37500000000000D+00  0.50000000000000D+00  0.00000000000000D+00
    kptnrm  0.10000000000000D+01
     ngfft        12   12   72
    nspden         1
   nspinor         1
       occ  0.20000000000000D+01  0.20000000000000D+01  0.20000000000000D+01
            0.20000000000000D+01  0.20000000000039D+01  0.20001289235305D+01
            0.20410723985163D+01  0.14709951845994D-01  0.36020907300893D-02
            0.29598725557142D-02  0.55633399090284D-03  0.47549109035194D-05
     rprim  0.50000000000000D+00 -0.50000000000000D+00  0.00000000000000D+00
            0.50000000000000D+00  0.50000000000000D+00  0.00000000000000D+00
            0.00000000000000D+00  0.00000000000000D+00  0.40000000000000D+01
     sciss  0.00000000000000D+00
    spinat  0.00000000000000D+00  0.00000000000000D+00  0.00000000000000D+00
            0.00000000000000D+00  0.00000000000000D+00  0.00000000000000D+00
            0.00000000000000D+00  0.00000000000000D+00  0.00000000000000D+00
            0.00000000000000D+00  0.00000000000000D+00  0.00000000000000D+00
            0.00000000000000D+00  0.00000000000000D+00  0.00000000000000D+00
            0.00000000000000D+00  0.00000000000000D+00  0.00000000000000D+00
    symafm         1    1    1    1    1    1    1    1    1    1    1    1
                   1    1    1    1
    symrel         1    0    0    0    1    0    0    0    1
                  -1    0    0    0   -1    0    0    0   -1
                  -1    0    0    0    1    0    0    0   -1
                   1    0    0    0   -1    0    0    0    1
                  -1    0    0    0   -1    0    0    0    1
                   1    0    0    0    1    0    0    0   -1
                   1    0    0    0   -1    0    0    0   -1
                  -1    0    0    0    1    0    0    0    1
                   0    1    0    1    0    0    0    0    1
                   0   -1    0   -1    0    0    0    0   -1
                   0   -1    0    1    0    0    0    0   -1
                   0    1    0   -1    0    0    0    0    1
                   0   -1    0   -1    0    0    0    0    1
                   0    1    0    1    0    0    0    0   -1
                   0    1    0   -1    0    0    0    0   -1
                   0   -1    0    1    0    0    0    0    1
     tnons  0.00000000000000D+00  0.00000000000000D+00  0.00000000000000D+00
            0.50000000000000D+00  0.50000000000000D+00 -0.37500000000000D+00
            0.50000000000000D+00  0.50000000000000D+00 -0.37500000000000D+00
            0.00000000000000D+00  0.00000000000000D+00  0.00000000000000D+00
            0.00000000000000D+00  0.00000000000000D+00  0.00000000000000D+00
            0.50000000000000D+00  0.50000000000000D+00 -0.37500000000000D+00
            0.50000000000000D+00  0.50000000000000D+00 -0.37500000000000D+00
            0.00000000000000D+00  0.00000000000000D+00  0.00000000000000D+00
            0.00000000000000D+00  0.00000000000000D+00  0.00000000000000D+00
            0.50000000000000D+00  0.50000000000000D+00 -0.37500000000000D+00
            0.50000000000000D+00  0.50000000000000D+00 -0.37500000000000D+00
            0.00000000000000D+00  0.00000000000000D+00  0.00000000000000D+00
            0.00000000000000D+00  0.00000000000000D+00  0.00000000000000D+00
            0.50000000000000D+00  0.50000000000000D+00 -0.37500000000000D+00
            0.50000000000000D+00  0.50000000000000D+00 -0.37500000000000D+00
            0.00000000000000D+00  0.00000000000000D+00  0.00000000000000D+00
    tolwfr  0.10000000000000D+01
   tphysel  0.00000000000000D+00
    tsmear  0.40000000000000D-01
     typat         1    1    1    1    1    1
       wtk  0.12500000000000D+00  0.12500000000000D+00  0.25000000000000D+00
            0.12500000000000D+00  0.25000000000000D+00  0.12500000000000D+00
      xred  0.00000000000000D+00  0.00000000000000D+00  0.00000000000000D+00
           -0.50000000000000D+00  0.50000000000000D+00  0.12500000000000D+00
            0.00000000000000D+00  0.00000000000000D+00  0.25000000000000D+00
           -0.50000000000000D+00  0.50000000000000D+00  0.37500000000000D+00
            0.00000000000000D+00  0.00000000000000D+00  0.50000000000000D+00
           -0.50000000000000D+00  0.50000000000000D+00  0.62500000000000D+00
     znucl  0.13000000000000D+02
      zion  0.30000000000000D+01
 
 No information on the potentials yet 
 
 **** Database of total energy derivatives ****
 Number of data blocks=    2
  
 Total energy                 - # elements :       1
 -0.12555285304426D+02  0.00000000000000D+00
  
 1st derivatives              - # elements :      24
   1   1  0.00000000000000D+00  0.00000000000000D+00
   2   1  0.00000000000000D+00  0.00000000000000D+00
   3   1  0.91697683869525D-01  0.00000000000000D+00
   1   2  0.00000000000000D+00  0.00000000000000D+00
   2   2  0.00000000000000D+00  0.00000000000000D+00
   3   2 -0.32252780753408D-01  0.00000000000000D+00
   1   3  0.00000000000000D+00  0.00000000000000D+00
   2   3  0.00000000000000D+00  0.00000000000000D+00
   3   3  0.51671737588940D-01  0.00000000000000D+00
   1   4  0.00000000000000D+00  0.00000000000000D+00
   2   4  0.00000000000000D+00  0.00000000000000D+00
   3   4 -0.51671737588940D-01  0.00000000000000D+00
   1   5  0.00000000000000D+00  0.00000000000000D+00
   2   5  0.00000000000000D+00  0.00000000000000D+00
   3   5  0.32252780753408D-01  0.00000000000000D+00
   1   6  0.00000000000000D+00  0.00000000000000D+00
   2   6  0.00000000000000D+00  0.00000000000000D+00
   3   6 -0.91697683869525D-01  0.00000000000000D+00
   1   9  0.10850736262101D-03  0.00000000000000D+00
   2   9  0.10850736262101D-03  0.00000000000000D+00
   3   9 -0.16640762734401D-04  0.00000000000000D+00
   1  10  0.00000000000000D+00  0.00000000000000D+00
   2  10  0.00000000000000D+00  0.00000000000000D+00
   3  10  0.00000000000000D+00  0.00000000000000D+00
