 Fermi (or HOMO) energy (hartree) =   0.19373   Average Vxc (hartree)=  -0.30489
 Eigenvalues (hartree) for nkpt=   6  k points:
 kpt#   1, nband= 15, wtk=  0.12500, kpt=  0.0000  0.1250  0.0000 (reduced coord)
  -0.21252  -0.19356  -0.16240  -0.11901  -0.06680  -0.00371   0.06784   0.11879
   0.20714   0.27658   0.28847   0.30805   0.31944   0.32974   0.36207
 kpt#   2, nband= 15, wtk=  0.12500, kpt=  0.0000  0.3750  0.0000 (reduced coord)
  -0.12745  -0.10878  -0.07809  -0.03532   0.01599   0.03843   0.05599   0.07933
   0.08683   0.12846   0.14925   0.18010   0.19704   0.24162   0.28781
 kpt#   3, nband= 15, wtk=  0.25000, kpt=  0.1250  0.2500  0.0000 (reduced coord)
  -0.16979  -0.15097  -0.12006  -0.07696  -0.02511   0.03749   0.10839   0.15804
   0.15829   0.17562   0.20482   0.24602   0.24864   0.29605   0.33112
 kpt#   4, nband= 15, wtk=  0.12500, kpt=  0.1250  0.5000  0.0000 (reduced coord)
  -0.04419  -0.04355  -0.02664  -0.02436   0.00165   0.00811   0.04440   0.05020
   0.09553   0.10073   0.15450   0.16476   0.21994   0.24399   0.26680
 kpt#   5, nband= 15, wtk=  0.25000, kpt=  0.2500  0.3750  0.0000 (reduced coord)
  -0.08553  -0.06698  -0.03652   0.00592   0.05684   0.07734   0.09468   0.11972
   0.12521   0.16634   0.18856   0.21717   0.23646   0.24919   0.26710
 kpt#   6, nband= 15, wtk=  0.12500, kpt=  0.3750  0.5000  0.0000 (reduced coord)
   0.03648   0.03704   0.05372   0.05573   0.08143   0.08742   0.12258   0.12955
   0.17410   0.17747   0.20742   0.20879   0.22032   0.22563   0.23729
