-0.213   0.150   0.191   0.199   0.305  
-0.178   0.039   0.171   0.173   0.304  
-0.195   0.105   0.163   0.163   0.282  
-0.186   0.073   0.139   0.184   0.316  
-0.136  -0.036   0.154   0.169   0.296  
-0.153   0.009   0.129   0.152   0.293  
-0.141  -0.017   0.125   0.162   0.316  
-0.168   0.057   0.132   0.140   0.262  
-0.160   0.037   0.112   0.149   0.297  
-0.145   0.010   0.088   0.159   0.330  
-0.163   0.007   0.151   0.184   0.302  
-0.127  -0.032   0.108   0.161   0.299  
-0.123  -0.016   0.087   0.138   0.274  
-0.118  -0.030   0.090   0.140   0.306  
-0.134   0.006   0.111   0.124   0.250  
-0.127  -0.002   0.091   0.121   0.281  
-0.115  -0.017   0.072   0.121   0.338  
-0.102  -0.032   0.060   0.129   0.297  
-0.204   0.112   0.169   0.208   0.321  
-0.170   0.040   0.111   0.186   0.323  
-0.125  -0.014   0.069   0.156   0.293  
-0.092  -0.041   0.061   0.131   0.263  
-0.092  -0.044   0.101   0.116   0.245  
-0.088  -0.044   0.078   0.109   0.273  
-0.084  -0.044   0.066   0.095   0.330  
-0.222   0.189   0.216   0.216   0.316  
-0.195   0.074   0.193   0.193   0.295  
-0.150  -0.021   0.178   0.178   0.279  