-0.218   0.174   0.202   0.208   0.308  
-0.198   0.089   0.183   0.191   0.308  
-0.208   0.141   0.180   0.184   0.291  
-0.203   0.115   0.165   0.199   0.314  
-0.166   0.010   0.173   0.174   0.295  
-0.184   0.061   0.163   0.165   0.303  
-0.174   0.036   0.148   0.181   0.313  
-0.193   0.105   0.159   0.160   0.274  
-0.188   0.084   0.143   0.174   0.298  
-0.179   0.060   0.121   0.185   0.332  
-0.136  -0.038   0.163   0.172   0.290  
-0.149  -0.009   0.143   0.160   0.300  
-0.140  -0.026   0.142   0.168   0.306  
-0.164   0.035   0.131   0.149   0.286  
-0.156   0.013   0.124   0.158   0.305  
-0.144  -0.007   0.111   0.165   0.320  
-0.173   0.067   0.137   0.142   0.260  
-0.168   0.053   0.123   0.148   0.283  
-0.160   0.034   0.103   0.157   0.321  
-0.147   0.013   0.084   0.164   0.321  
-0.154  -0.011   0.161   0.181   0.292  
-0.131  -0.035   0.130   0.167   0.302  
-0.129  -0.023   0.108   0.150   0.289  
-0.126  -0.033   0.114   0.154   0.309  
-0.141   0.009   0.102   0.136   0.271  
-0.134  -0.007   0.098   0.139   0.291  
-0.125  -0.021   0.092   0.142   0.329  
-0.116  -0.031   0.083   0.145   0.301  
-0.148   0.027   0.122   0.129   0.249  
-0.144   0.020   0.107   0.129   0.272  
-0.136   0.007   0.089   0.130   0.309  
-0.125  -0.008   0.072   0.135   0.337  
-0.112  -0.022   0.061   0.141   0.296  
-0.189   0.061   0.168   0.196   0.304  
-0.161   0.013   0.129   0.182   0.313  
-0.130  -0.022   0.096   0.162   0.300  
-0.111  -0.032   0.076   0.143   0.278  
-0.113  -0.019   0.081   0.128   0.260  
-0.110  -0.026   0.074   0.128   0.280  
-0.106  -0.032   0.073   0.123   0.319  
-0.119  -0.012   0.111   0.120   0.244  
-0.116  -0.015   0.095   0.116   0.264  
-0.110  -0.020   0.079   0.109   0.301  
-0.102  -0.028   0.067   0.108   0.347  
-0.093  -0.037   0.059   0.114   0.314  
-0.088  -0.044   0.060   0.122   0.274  
-0.213   0.145   0.187   0.214   0.320  
-0.193   0.087   0.142   0.202   0.328  
-0.165   0.036   0.101   0.183   0.320  
-0.130  -0.006   0.069   0.160   0.297  
-0.099  -0.035   0.056   0.139   0.272  
-0.085  -0.048   0.071   0.123   0.254  
-0.087  -0.051   0.106   0.115   0.243  
-0.085  -0.050   0.089   0.110   0.260  
-0.081  -0.049   0.074   0.098   0.297  
-0.079  -0.049   0.067   0.089   0.343  
-0.224   0.202   0.218   0.218   0.317  
-0.208   0.118   0.201   0.201   0.304  
-0.179   0.034   0.186   0.186   0.287  
-0.145  -0.029   0.177   0.177   0.278  