-0.116   0.639   0.697  
-0.073   0.454   0.662  
-0.095   0.582   0.643  
-0.084   0.517   0.605  
 0.001   0.287   0.653  
-0.042   0.405   0.616  
-0.020   0.346   0.585  
-0.063   0.534   0.597  
-0.052   0.469   0.559  
-0.031   0.410   0.507  
 0.104   0.147   0.658  
 0.042   0.247   0.606  
 0.074   0.197   0.594  
 0.001   0.365   0.569  
 0.022   0.306   0.547  
 0.053   0.257   0.502  
-0.020   0.495   0.550  
-0.010   0.429   0.520  
 0.011   0.370   0.468  
 0.042   0.321   0.420  
 0.032   0.237   0.630  
 0.114   0.157   0.559  
 0.094   0.217   0.502  
 0.124   0.167   0.529  
 0.053   0.335   0.463  
 0.073   0.276   0.481  
 0.104   0.227   0.471  
 0.145   0.187   0.434  
 0.032   0.442   0.466  
 0.042   0.399   0.452  
 0.063   0.341   0.436  
 0.094   0.291   0.390  
 0.135   0.251   0.351  
-0.052   0.396   0.629  
 0.011   0.297   0.540  
 0.094   0.217   0.464  
 0.154   0.197   0.405  
 0.114   0.314   0.366  
 0.134   0.256   0.385  
 0.164   0.207   0.412  
 0.094   0.344   0.446  
 0.104   0.352   0.382  
 0.124   0.320   0.373  
 0.155   0.271   0.367  
 0.195   0.232   0.331  
 0.201   0.245   0.302  
-0.105   0.575   0.657  
-0.063   0.459   0.553  
 0.001   0.361   0.459  
 0.084   0.281   0.381  
 0.185   0.222   0.321  
 0.181   0.276   0.310  
 0.161   0.258   0.436  
 0.171   0.268   0.371  
 0.191   0.286   0.314  
 0.221   0.261   0.317  
-0.127   0.702   0.755  
-0.095   0.512   0.716  
-0.031   0.337   0.699  
 0.063   0.187   0.709  