
 **** DERIVATIVE DATABASE ****    
+DDB, Version number    100401

  Note : temporary (transfer) database                                                                                                                                                                                                                                   

    usepaw         0
     natom         1
      nkpt        60
    nsppol         1
      nsym        48
    ntypat         1
    occopt         4
     nband         3
     acell  0.74991731649074D+01  0.74991731649074D+01  0.74991731649074D+01
       amu  0.26981539000000D+02
   dilatmx  0.10500000000000D+01
      ecut  0.60000000000000D+01
    ecutsm  0.50000000000000D+00
     intxc         0
      iscf         7
       ixc         1
       kpt -0.62500000000000D-01 -0.12500000000000D+00  0.00000000000000D+00
           -0.62500000000000D-01 -0.25000000000000D+00  0.00000000000000D+00
           -0.12500000000000D+00 -0.18750000000000D+00  0.00000000000000D+00
           -0.62500000000000D-01 -0.18750000000000D+00  0.62500000000000D-01
           -0.62500000000000D-01 -0.37500000000000D+00  0.00000000000000D+00
           -0.12500000000000D+00 -0.31250000000000D+00  0.00000000000000D+00
           -0.62500000000000D-01 -0.31250000000000D+00  0.62500000000000D-01
           -0.18750000000000D+00 -0.25000000000000D+00  0.00000000000000D+00
           -0.12500000000000D+00 -0.25000000000000D+00  0.62500000000000D-01
           -0.62500000000000D-01 -0.25000000000000D+00  0.12500000000000D+00
           -0.62500000000000D-01  0.50000000000000D+00  0.00000000000000D+00
           -0.12500000000000D+00 -0.43750000000000D+00  0.00000000000000D+00
           -0.62500000000000D-01 -0.43750000000000D+00  0.62500000000000D-01
           -0.18750000000000D+00 -0.37500000000000D+00  0.00000000000000D+00
           -0.12500000000000D+00 -0.37500000000000D+00  0.62500000000000D-01
           -0.62500000000000D-01 -0.37500000000000D+00  0.12500000000000D+00
           -0.25000000000000D+00 -0.31250000000000D+00  0.00000000000000D+00
           -0.18750000000000D+00 -0.31250000000000D+00  0.62500000000000D-01
           -0.12500000000000D+00 -0.31250000000000D+00  0.12500000000000D+00
           -0.62500000000000D-01 -0.31250000000000D+00  0.18750000000000D+00
           -0.62500000000000D-01  0.37500000000000D+00  0.00000000000000D+00
           -0.12500000000000D+00  0.43750000000000D+00  0.00000000000000D+00
           -0.18750000000000D+00  0.50000000000000D+00  0.00000000000000D+00
           -0.12500000000000D+00  0.50000000000000D+00  0.62500000000000D-01
           -0.25000000000000D+00 -0.43750000000000D+00  0.00000000000000D+00
           -0.18750000000000D+00 -0.43750000000000D+00  0.62500000000000D-01
           -0.12500000000000D+00 -0.43750000000000D+00  0.12500000000000D+00
           -0.62500000000000D-01 -0.43750000000000D+00  0.18750000000000D+00
           -0.31250000000000D+00 -0.37500000000000D+00  0.00000000000000D+00
           -0.25000000000000D+00 -0.37500000000000D+00  0.62500000000000D-01
           -0.18750000000000D+00 -0.37500000000000D+00  0.12500000000000D+00
           -0.12500000000000D+00 -0.37500000000000D+00  0.18750000000000D+00
           -0.62500000000000D-01 -0.37500000000000D+00  0.25000000000000D+00
           -0.62500000000000D-01  0.25000000000000D+00  0.00000000000000D+00
           -0.12500000000000D+00  0.31250000000000D+00  0.00000000000000D+00
           -0.18750000000000D+00  0.37500000000000D+00  0.00000000000000D+00
           -0.25000000000000D+00  0.43750000000000D+00  0.00000000000000D+00
           -0.31250000000000D+00  0.50000000000000D+00  0.00000000000000D+00
           -0.25000000000000D+00  0.50000000000000D+00  0.62500000000000D-01
           -0.18750000000000D+00  0.50000000000000D+00  0.12500000000000D+00
           -0.37500000000000D+00 -0.43750000000000D+00  0.00000000000000D+00
           -0.31250000000000D+00 -0.43750000000000D+00  0.62500000000000D-01
           -0.25000000000000D+00 -0.43750000000000D+00  0.12500000000000D+00
           -0.18750000000000D+00 -0.43750000000000D+00  0.18750000000000D+00
           -0.12500000000000D+00 -0.43750000000000D+00  0.25000000000000D+00
           -0.62500000000000D-01 -0.43750000000000D+00  0.31250000000000D+00
           -0.62500000000000D-01  0.12500000000000D+00  0.00000000000000D+00
           -0.12500000000000D+00  0.18750000000000D+00  0.00000000000000D+00
           -0.18750000000000D+00  0.25000000000000D+00  0.00000000000000D+00
           -0.25000000000000D+00  0.31250000000000D+00  0.00000000000000D+00
           -0.31250000000000D+00  0.37500000000000D+00  0.00000000000000D+00
           -0.37500000000000D+00  0.43750000000000D+00  0.00000000000000D+00
           -0.43750000000000D+00  0.50000000000000D+00  0.00000000000000D+00
           -0.37500000000000D+00  0.50000000000000D+00  0.62500000000000D-01
           -0.31250000000000D+00  0.50000000000000D+00  0.12500000000000D+00
           -0.25000000000000D+00  0.50000000000000D+00  0.18750000000000D+00
           -0.62500000000000D-01  0.00000000000000D+00  0.00000000000000D+00
           -0.18750000000000D+00  0.00000000000000D+00  0.00000000000000D+00
           -0.31250000000000D+00  0.00000000000000D+00  0.00000000000000D+00
           -0.43750000000000D+00  0.00000000000000D+00  0.00000000000000D+00
    kptnrm  0.10000000000000D+01
     ngfft        15   15   15
    nspden         1
   nspinor         1
       occ  0.20000000000000D+01  0.00000000000000D+00  0.00000000000000D+00
     rprim  0.00000000000000D+00  0.50000000000000D+00  0.50000000000000D+00
            0.50000000000000D+00  0.00000000000000D+00  0.50000000000000D+00
            0.50000000000000D+00  0.50000000000000D+00  0.00000000000000D+00
     sciss  0.00000000000000D+00
    spinat  0.00000000000000D+00  0.00000000000000D+00  0.00000000000000D+00
    symafm         1    1    1    1    1    1    1    1    1    1    1    1
                   1    1    1    1    1    1    1    1    1    1    1    1
                   1    1    1    1    1    1    1    1    1    1    1    1
                   1    1    1    1    1    1    1    1    1    1    1    1
    symrel         1    0    0    0    1    0    0    0    1
                  -1    0    0    0   -1    0    0    0   -1
                   0   -1    1    0   -1    0    1   -1    0
                   0    1   -1    0    1    0   -1    1    0
                  -1    0    0   -1    0    1   -1    1    0
                   1    0    0    1    0   -1    1   -1    0
                   0    1   -1    1    0   -1    0    0   -1
                   0   -1    1   -1    0    1    0    0    1
                  -1    0    0   -1    1    0   -1    0    1
                   1    0    0    1   -1    0    1    0   -1
                   0   -1    1    1   -1    0    0   -1    0
                   0    1   -1   -1    1    0    0    1    0
                   1    0    0    0    0    1    0    1    0
                  -1    0    0    0    0   -1    0   -1    0
                   0    1   -1    0    0   -1    1    0   -1
                   0   -1    1    0    0    1   -1    0    1
                  -1    0    1   -1    1    0   -1    0    0
                   1    0   -1    1   -1    0    1    0    0
                   0   -1    0    1   -1    0    0   -1    1
                   0    1    0   -1    1    0    0    1   -1
                   1    0   -1    0    0   -1    0    1   -1
                  -1    0    1    0    0    1    0   -1    1
                   0    1    0    0    0    1    1    0    0
                   0   -1    0    0    0   -1   -1    0    0
                   1    0   -1    0    1   -1    0    0   -1
                  -1    0    1    0   -1    1    0    0    1
                   0   -1    0    0   -1    1    1   -1    0
                   0    1    0    0    1   -1   -1    1    0
                  -1    0    1   -1    0    0   -1    1    0
                   1    0   -1    1    0    0    1   -1    0
                   0    1    0    1    0    0    0    0    1
                   0   -1    0   -1    0    0    0    0   -1
                   0    0   -1    0    1   -1    1    0   -1
                   0    0    1    0   -1    1   -1    0    1
                   1   -1    0    0   -1    1    0   -1    0
                  -1    1    0    0    1   -1    0    1    0
                   0    0    1    1    0    0    0    1    0
                   0    0   -1   -1    0    0    0   -1    0
                  -1    1    0   -1    0    0   -1    0    1
                   1   -1    0    1    0    0    1    0   -1
                   0    0    1    0    1    0    1    0    0
                   0    0   -1    0   -1    0   -1    0    0
                   1   -1    0    0   -1    0    0   -1    1
                  -1    1    0    0    1    0    0    1   -1
                   0    0   -1    1    0   -1    0    1   -1
                   0    0    1   -1    0    1    0   -1    1
                  -1    1    0   -1    0    1   -1    0    0
                   1   -1    0    1    0   -1    1    0    0
     tnons  0.00000000000000D+00  0.00000000000000D+00  0.00000000000000D+00
            0.00000000000000D+00  0.00000000000000D+00  0.00000000000000D+00
            0.00000000000000D+00  0.00000000000000D+00  0.00000000000000D+00
            0.00000000000000D+00  0.00000000000000D+00  0.00000000000000D+00
            0.00000000000000D+00  0.00000000000000D+00  0.00000000000000D+00
            0.00000000000000D+00  0.00000000000000D+00  0.00000000000000D+00
            0.00000000000000D+00  0.00000000000000D+00  0.00000000000000D+00
            0.00000000000000D+00  0.00000000000000D+00  0.00000000000000D+00
            0.00000000000000D+00  0.00000000000000D+00  0.00000000000000D+00
            0.00000000000000D+00  0.00000000000000D+00  0.00000000000000D+00
            0.00000000000000D+00  0.00000000000000D+00  0.00000000000000D+00
            0.00000000000000D+00  0.00000000000000D+00  0.00000000000000D+00
            0.00000000000000D+00  0.00000000000000D+00  0.00000000000000D+00
            0.00000000000000D+00  0.00000000000000D+00  0.00000000000000D+00
            0.00000000000000D+00  0.00000000000000D+00  0.00000000000000D+00
            0.00000000000000D+00  0.00000000000000D+00  0.00000000000000D+00
            0.00000000000000D+00  0.00000000000000D+00  0.00000000000000D+00
            0.00000000000000D+00  0.00000000000000D+00  0.00000000000000D+00
            0.00000000000000D+00  0.00000000000000D+00  0.00000000000000D+00
            0.00000000000000D+00  0.00000000000000D+00  0.00000000000000D+00
            0.00000000000000D+00  0.00000000000000D+00  0.00000000000000D+00
            0.00000000000000D+00  0.00000000000000D+00  0.00000000000000D+00
            0.00000000000000D+00  0.00000000000000D+00  0.00000000000000D+00
            0.00000000000000D+00  0.00000000000000D+00  0.00000000000000D+00
            0.00000000000000D+00  0.00000000000000D+00  0.00000000000000D+00
            0.00000000000000D+00  0.00000000000000D+00  0.00000000000000D+00
            0.00000000000000D+00  0.00000000000000D+00  0.00000000000000D+00
            0.00000000000000D+00  0.00000000000000D+00  0.00000000000000D+00
            0.00000000000000D+00  0.00000000000000D+00  0.00000000000000D+00
            0.00000000000000D+00  0.00000000000000D+00  0.00000000000000D+00
            0.00000000000000D+00  0.00000000000000D+00  0.00000000000000D+00
            0.00000000000000D+00  0.00000000000000D+00  0.00000000000000D+00
            0.00000000000000D+00  0.00000000000000D+00  0.00000000000000D+00
            0.00000000000000D+00  0.00000000000000D+00  0.00000000000000D+00
            0.00000000000000D+00  0.00000000000000D+00  0.00000000000000D+00
            0.00000000000000D+00  0.00000000000000D+00  0.00000000000000D+00
            0.00000000000000D+00  0.00000000000000D+00  0.00000000000000D+00
            0.00000000000000D+00  0.00000000000000D+00  0.00000000000000D+00
            0.00000000000000D+00  0.00000000000000D+00  0.00000000000000D+00
            0.00000000000000D+00  0.00000000000000D+00  0.00000000000000D+00
            0.00000000000000D+00  0.00000000000000D+00  0.00000000000000D+00
            0.00000000000000D+00  0.00000000000000D+00  0.00000000000000D+00
            0.00000000000000D+00  0.00000000000000D+00  0.00000000000000D+00
            0.00000000000000D+00  0.00000000000000D+00  0.00000000000000D+00
            0.00000000000000D+00  0.00000000000000D+00  0.00000000000000D+00
            0.00000000000000D+00  0.00000000000000D+00  0.00000000000000D+00
            0.00000000000000D+00  0.00000000000000D+00  0.00000000000000D+00
            0.00000000000000D+00  0.00000000000000D+00  0.00000000000000D+00
    tolwfr  0.10000000000000D+01
   tphysel  0.00000000000000D+00
    tsmear  0.50000000000000D-01
     typat         1
       wtk  0.11718750000000D-01  0.11718750000000D-01  0.11718750000000D-01
            0.23437500000000D-01  0.11718750000000D-01  0.11718750000000D-01
            0.23437500000000D-01  0.11718750000000D-01  0.23437500000000D-01
            0.23437500000000D-01  0.11718750000000D-01  0.11718750000000D-01
            0.23437500000000D-01  0.11718750000000D-01  0.23437500000000D-01
            0.23437500000000D-01  0.11718750000000D-01  0.23437500000000D-01
            0.23437500000000D-01  0.23437500000000D-01  0.11718750000000D-01
            0.11718750000000D-01  0.11718750000000D-01  0.23437500000000D-01
            0.11718750000000D-01  0.23437500000000D-01  0.23437500000000D-01
            0.23437500000000D-01  0.11718750000000D-01  0.23437500000000D-01
            0.23437500000000D-01  0.23437500000000D-01  0.23437500000000D-01
            0.11718750000000D-01  0.11718750000000D-01  0.11718750000000D-01
            0.11718750000000D-01  0.11718750000000D-01  0.23437500000000D-01
            0.23437500000000D-01  0.11718750000000D-01  0.23437500000000D-01
            0.23437500000000D-01  0.23437500000000D-01  0.23437500000000D-01
            0.23437500000000D-01  0.11718750000000D-01  0.11718750000000D-01
            0.11718750000000D-01  0.11718750000000D-01  0.11718750000000D-01
            0.11718750000000D-01  0.11718750000000D-01  0.23437500000000D-01
            0.23437500000000D-01  0.23437500000000D-01  0.39062500000000D-02
            0.39062500000000D-02  0.39062500000000D-02  0.39062500000000D-02
      xred  0.00000000000000D+00  0.00000000000000D+00  0.00000000000000D+00
     znucl  0.13000000000000D+02
      zion  0.30000000000000D+01
 
 No information on the potentials yet 
 
 **** Database of total energy derivatives ****
 Number of data blocks=    2
  
 Total energy                 - # elements :       1
 -0.20987601211096D+01  0.00000000000000D+00
  
 1st derivatives              - # elements :       9
   1   1  0.00000000000000D+00  0.00000000000000D+00
   2   1  0.00000000000000D+00  0.00000000000000D+00
   3   1  0.00000000000000D+00  0.00000000000000D+00
   1   4  0.19929835243774D-06  0.00000000000000D+00
   2   4  0.19929835243774D-06  0.00000000000000D+00
   3   4  0.19929835243763D-06  0.00000000000000D+00
   1   5  0.00000000000000D+00  0.00000000000000D+00
   2   5  0.00000000000000D+00  0.00000000000000D+00
   3   5  0.00000000000000D+00  0.00000000000000D+00
