-0.105   0.588   0.670  
-0.029   0.351   0.639  
-0.067   0.519   0.606  
-0.048   0.435   0.551  
 0.100   0.156   0.631  
 0.027   0.298   0.567  
 0.064   0.227   0.548  
-0.011   0.467   0.533  
 0.008   0.382   0.499  
 0.045   0.312   0.434  
 0.008   0.281   0.598  
 0.118   0.174   0.499  
 0.100   0.262   0.430  
 0.136   0.192   0.463  
 0.063   0.393   0.433  
 0.082   0.347   0.411  
 0.118   0.277   0.396  
 0.172   0.224   0.346  
-0.086   0.504   0.615  
-0.010   0.365   0.485  
 0.100   0.259   0.382  
 0.187   0.244   0.311  
 0.152   0.273   0.415  
 0.170   0.289   0.332  
 0.205   0.259   0.326  
-0.124   0.670   0.747  
-0.067   0.421   0.703  
 0.045   0.210   0.705  